1.999900000000000000e+04
1.999900000000000000e+04
1.999900000000000000e+04
1.999900000000000000e+04
1.999900000000000000e+04
1.999900000000000000e+04
1.999900000000000000e+04
1.999900000000000000e+04
1.999900000000000000e+04
1.999900000000000000e+04
1.999900000000000000e+04
1.999900000000000000e+04
1.999900000000000000e+04
1.999900000000000000e+04
1.999900000000000000e+04
1.987200000000000000e+04
1.943100000000000000e+04
1.899500000000000000e+04
1.855800000000000000e+04
inf
inf
inf
inf
inf
inf
inf
inf
inf
inf
inf
inf
inf
inf
inf
inf
inf
inf
inf
inf
inf
inf
inf
inf
inf
inf
inf
inf
inf
inf
inf
inf
inf
inf
inf
inf
inf
inf
inf
inf
inf
inf
inf
inf
inf
inf
inf
inf
inf
inf
inf
inf
inf
inf
inf
inf
inf
inf
inf
inf
inf
inf
inf
inf
inf
inf
inf
inf
inf
inf
inf
inf
inf
inf
inf
inf
inf
inf
inf
inf
inf
inf
1.999900000000000000e+04
1.999900000000000000e+04
1.999900000000000000e+04
1.999900000000000000e+04
1.999900000000000000e+04
1.999900000000000000e+04
1.999900000000000000e+04
1.999900000000000000e+04
1.999900000000000000e+04
1.999900000000000000e+04
1.999900000000000000e+04
1.999900000000000000e+04
1.999900000000000000e+04
1.999900000000000000e+04
1.999900000000000000e+04
1.987200000000000000e+04
1.943100000000000000e+04
1.899500000000000000e+04
1.855800000000000000e+04
inf
inf
inf
inf
inf
inf
inf
inf
inf
inf
inf
inf
inf
inf
inf
inf
inf
inf
inf
inf
inf
inf
inf
inf
inf
inf
inf
inf
inf
inf
inf
inf
inf
inf
inf
inf
inf
inf
inf
inf
inf
inf
inf
inf
inf
inf
inf
inf
inf
inf
inf
inf
inf
inf
inf
inf
inf
inf
inf
inf
inf
inf
inf
inf
inf
inf
inf
inf
inf
inf
inf
inf
inf
inf
inf
inf
inf
inf
inf
inf
inf
inf
1.999900000000000000e+04
1.999900000000000000e+04
1.999900000000000000e+04
1.999900000000000000e+04
1.999900000000000000e+04
1.999900000000000000e+04
1.999900000000000000e+04
1.999900000000000000e+04
1.999900000000000000e+04
1.999900000000000000e+04
1.999900000000000000e+04
1.999900000000000000e+04
1.999900000000000000e+04
1.999900000000000000e+04
1.999900000000000000e+04
1.987200000000000000e+04
1.943100000000000000e+04
1.899500000000000000e+04
1.855800000000000000e+04
inf
inf
inf
inf
inf
inf
inf
inf
inf
inf
inf
inf
inf
inf
inf
inf
inf
inf
inf
inf
inf
inf
inf
inf
inf
inf
inf
inf
inf
inf
inf
inf
inf
inf
inf
inf
inf
inf
inf
inf
inf
inf
inf
inf
inf
inf
inf
inf
inf
inf
inf
inf
inf
inf
inf
inf
inf
inf
inf
inf
inf
inf
inf
inf
inf
inf
inf
inf
inf
inf
inf
inf
inf
inf
inf
inf
inf
inf
inf
inf
inf
inf
1.990800000000000000e+04
1.990800000000000000e+04
1.990800000000000000e+04
1.990800000000000000e+04
1.990800000000000000e+04
1.990800000000000000e+04
1.990800000000000000e+04
1.990800000000000000e+04
1.990800000000000000e+04
1.990800000000000000e+04
1.990800000000000000e+04
1.990800000000000000e+04
1.990800000000000000e+04
1.990800000000000000e+04
1.961500000000000000e+04
1.917300000000000000e+04
1.874000000000000000e+04
1.831100000000000000e+04
inf
inf
inf
inf
inf
inf
inf
inf
inf
inf
inf
inf
inf
inf
inf
inf
inf
inf
inf
inf
inf
inf
inf
inf
inf
inf
inf
inf
inf
inf
inf
inf
inf
inf
inf
inf
inf
inf
inf
inf
inf
inf
inf
inf
inf
inf
inf
inf
inf
inf
inf
inf
inf
inf
inf
inf
inf
inf
inf
inf
inf
inf
inf
inf
inf
inf
inf
inf
inf
inf
inf
inf
inf
inf
inf
inf
inf
inf
inf
inf
inf
inf
inf
1.976300000000000000e+04
1.976300000000000000e+04
1.976300000000000000e+04
1.976300000000000000e+04
1.976300000000000000e+04
1.976300000000000000e+04
1.976300000000000000e+04
1.976300000000000000e+04
1.976300000000000000e+04
1.976300000000000000e+04
1.976300000000000000e+04
1.976300000000000000e+04
1.940300000000000000e+04
1.894000000000000000e+04
1.849700000000000000e+04
1.806700000000000000e+04
1.764800000000000000e+04
inf
inf
inf
inf
inf
inf
inf
inf
inf
inf
inf
inf
inf
inf
inf
inf
inf
inf
inf
inf
inf
inf
inf
inf
inf
inf
inf
inf
inf
inf
inf
inf
inf
inf
inf
inf
inf
inf
inf
inf
inf
inf
inf
inf
inf
inf
inf
inf
inf
inf
inf
inf
inf
inf
inf
inf
inf
inf
inf
inf
inf
inf
inf
inf
inf
inf
inf
inf
inf
inf
inf
inf
inf
inf
inf
inf
inf
inf
inf
inf
inf
inf
inf
inf
1.965000000000000000e+04
1.965000000000000000e+04
1.965000000000000000e+04
1.965000000000000000e+04
1.965000000000000000e+04
1.965000000000000000e+04
1.965000000000000000e+04
1.965000000000000000e+04
1.965000000000000000e+04
1.965000000000000000e+04
1.949800000000000000e+04
1.899200000000000000e+04
1.851700000000000000e+04
1.806500000000000000e+04
1.763300000000000000e+04
1.721500000000000000e+04
inf
inf
inf
inf
inf
inf
inf
inf
inf
inf
inf
inf
inf
inf
inf
inf
inf
inf
inf
inf
inf
inf
inf
inf
inf
inf
inf
inf
inf
inf
inf
inf
inf
inf
inf
inf
inf
inf
inf
inf
inf
inf
inf
inf
inf
inf
inf
inf
inf
inf
inf
inf
inf
inf
inf
inf
inf
inf
inf
inf
inf
inf
inf
inf
inf
inf
inf
inf
inf
inf
inf
inf
inf
inf
inf
inf
inf
inf
inf
inf
inf
inf
inf
inf
inf
1.955800000000000000e+04
1.955800000000000000e+04
1.955800000000000000e+04
1.955800000000000000e+04
1.955800000000000000e+04
1.955800000000000000e+04
1.955800000000000000e+04
1.955800000000000000e+04
1.955800000000000000e+04
1.929500000000000000e+04
1.876100000000000000e+04
1.826600000000000000e+04
1.780000000000000000e+04
1.735900000000000000e+04
1.693700000000000000e+04
inf
inf
inf
inf
inf
inf
inf
inf
inf
inf
inf
inf
inf
inf
inf
inf
inf
inf
inf
inf
inf
inf
inf
inf
inf
inf
inf
inf
inf
inf
inf
inf
inf
inf
inf
inf
inf
inf
inf
inf
inf
inf
inf
inf
inf
inf
inf
inf
inf
inf
inf
inf
inf
inf
inf
inf
inf
inf
inf
inf
inf
inf
inf
inf
inf
inf
inf
inf
inf
inf
inf
inf
inf
inf
inf
inf
inf
inf
inf
inf
inf
inf
inf
inf
inf
inf
1.948000000000000000e+04
1.948000000000000000e+04
1.948000000000000000e+04
1.948000000000000000e+04
1.948000000000000000e+04
1.948000000000000000e+04
1.948000000000000000e+04
1.948000000000000000e+04
1.923600000000000000e+04
1.866400000000000000e+04
1.814000000000000000e+04
1.765400000000000000e+04
1.719700000000000000e+04
1.676500000000000000e+04
inf
inf
inf
inf
inf
inf
inf
inf
inf
inf
inf
inf
inf
inf
inf
inf
inf
inf
inf
inf
inf
inf
inf
inf
inf
inf
inf
inf
inf
inf
inf
inf
inf
inf
inf
inf
inf
inf
inf
inf
inf
inf
inf
inf
inf
inf
inf
inf
inf
inf
inf
inf
inf
inf
inf
inf
inf
inf
inf
inf
inf
inf
inf
inf
inf
inf
inf
inf
inf
inf
inf
inf
inf
inf
inf
inf
inf
inf
inf
inf
inf
inf
inf
inf
inf
inf
inf
1.941200000000000000e+04
1.941200000000000000e+04
1.941200000000000000e+04
1.941200000000000000e+04
1.941200000000000000e+04
1.941200000000000000e+04
1.941200000000000000e+04
1.929800000000000000e+04
1.867900000000000000e+04
1.811600000000000000e+04
1.760100000000000000e+04
1.712300000000000000e+04
1.667600000000000000e+04
inf
inf
inf
inf
inf
inf
inf
inf
inf
inf
inf
inf
inf
inf
inf
inf
inf
inf
inf
inf
inf
inf
inf
inf
inf
inf
inf
inf
inf
inf
inf
inf
inf
inf
inf
inf
inf
inf
inf
inf
inf
inf
inf
inf
inf
inf
inf
inf
inf
inf
inf
inf
inf
inf
inf
inf
inf
inf
inf
inf
inf
inf
inf
inf
inf
inf
inf
inf
inf
inf
inf
inf
inf
inf
inf
inf
inf
inf
inf
inf
inf
inf
inf
inf
inf
inf
inf
inf
1.935200000000000000e+04
1.935200000000000000e+04
1.935200000000000000e+04
1.935200000000000000e+04
1.935200000000000000e+04
1.935200000000000000e+04
1.935200000000000000e+04
1.905600000000000000e+04
1.872400000000000000e+04
1.763500000000000000e+04
1.712800000000000000e+04
1.665900000000000000e+04
1.622000000000000000e+04
inf
inf
inf
inf
inf
inf
inf
inf
inf
inf
inf
inf
inf
inf
inf
inf
inf
inf
inf
inf
inf
inf
inf
inf
inf
inf
inf
inf
inf
inf
inf
inf
inf
inf
inf
inf
inf
inf
inf
inf
inf
inf
inf
inf
inf
inf
inf
inf
inf
inf
inf
inf
inf
inf
inf
inf
inf
inf
inf
inf
inf
inf
inf
inf
inf
inf
inf
inf
inf
inf
inf
inf
inf
inf
inf
inf
inf
inf
inf
inf
inf
inf
inf
inf
inf
inf
inf
inf
1.929800000000000000e+04
1.929800000000000000e+04
1.929800000000000000e+04
1.929800000000000000e+04
1.929800000000000000e+04
1.929800000000000000e+04
1.903700000000000000e+04
1.887300000000000000e+04
1.872800000000000000e+04
1.768500000000000000e+04
1.670600000000000000e+04
1.624400000000000000e+04
1.581300000000000000e+04
inf
inf
inf
inf
inf
inf
inf
inf
inf
inf
inf
inf
inf
inf
inf
inf
inf
inf
inf
inf
inf
inf
inf
inf
inf
inf
inf
inf
inf
inf
inf
inf
inf
inf
inf
inf
inf
inf
inf
inf
inf
inf
inf
inf
inf
inf
inf
inf
inf
inf
inf
inf
inf
inf
inf
inf
inf
inf
inf
inf
inf
inf
inf
inf
inf
inf
inf
inf
inf
inf
inf
inf
inf
inf
inf
inf
inf
inf
inf
inf
inf
inf
inf
inf
inf
inf
inf
inf
1.925000000000000000e+04
1.925000000000000000e+04
1.925000000000000000e+04
1.925000000000000000e+04
1.925000000000000000e+04
1.925000000000000000e+04
1.863100000000000000e+04
1.870600000000000000e+04
1.871000000000000000e+04
1.770900000000000000e+04
1.677000000000000000e+04
1.587900000000000000e+04
1.545400000000000000e+04
inf
inf
inf
inf
inf
inf
inf
inf
inf
inf
inf
inf
inf
inf
inf
inf
inf
inf
inf
inf
inf
inf
inf
inf
inf
inf
inf
inf
inf
inf
inf
inf
inf
inf
inf
inf
inf
inf
inf
inf
inf
inf
inf
inf
inf
inf
inf
inf
inf
inf
inf
inf
inf
inf
inf
inf
inf
inf
inf
inf
inf
inf
inf
inf
inf
inf
inf
inf
inf
inf
inf
inf
inf
inf
inf
inf
inf
inf
inf
inf
inf
inf
inf
inf
inf
inf
inf
inf
1.920500000000000000e+04
1.920500000000000000e+04
1.920500000000000000e+04
1.920500000000000000e+04
1.920500000000000000e+04
1.902800000000000000e+04
1.834700000000000000e+04
1.854800000000000000e+04
1.866000000000000000e+04
1.769300000000000000e+04
1.679200000000000000e+04
1.594000000000000000e+04
1.512100000000000000e+04
1.472800000000000000e+04
inf
inf
inf
inf
inf
inf
inf
inf
inf
inf
inf
inf
inf
inf
inf
inf
inf
inf
inf
inf
inf
inf
inf
inf
inf
inf
inf
inf
inf
inf
inf
inf
inf
inf
inf
inf
inf
inf
inf
inf
inf
inf
inf
inf
inf
inf
inf
inf
inf
inf
inf
inf
inf
inf
inf
inf
inf
inf
inf
inf
inf
inf
inf
inf
inf
inf
inf
inf
inf
inf
inf
inf
inf
inf
inf
inf
inf
inf
inf
inf
inf
inf
inf
inf
inf
inf
inf
1.916400000000000000e+04
1.916400000000000000e+04
1.916400000000000000e+04
1.916400000000000000e+04
1.916400000000000000e+04
1.867400000000000000e+04
1.819500000000000000e+04
1.840000000000000000e+04
1.857400000000000000e+04
1.766200000000000000e+04
1.679300000000000000e+04
1.597600000000000000e+04
1.519300000000000000e+04
1.443400000000000000e+04
inf
inf
inf
inf
inf
inf
inf
inf
inf
inf
inf
inf
inf
inf
inf
inf
inf
inf
inf
inf
inf
inf
inf
inf
inf
inf
inf
inf
inf
inf
inf
inf
inf
inf
inf
inf
inf
inf
inf
inf
inf
inf
inf
inf
inf
inf
inf
inf
inf
inf
inf
inf
inf
inf
inf
inf
inf
inf
inf
inf
inf
inf
inf
inf
inf
inf
inf
inf
inf
inf
inf
inf
inf
inf
inf
inf
inf
inf
inf
inf
inf
inf
inf
inf
inf
inf
inf
1.912600000000000000e+04
1.912600000000000000e+04
1.912600000000000000e+04
1.912600000000000000e+04
1.912600000000000000e+04
1.834700000000000000e+04
1.805100000000000000e+04
1.826000000000000000e+04
1.843700000000000000e+04
1.761500000000000000e+04
1.677500000000000000e+04
1.598600000000000000e+04
1.523400000000000000e+04
1.451200000000000000e+04
1.380400000000000000e+04
inf
inf
inf
inf
inf
inf
inf
inf
inf
inf
inf
inf
inf
inf
inf
inf
inf
inf
inf
inf
inf
inf
inf
inf
inf
inf
inf
inf
inf
inf
inf
inf
inf
inf
inf
inf
inf
inf
inf
inf
inf
inf
inf
inf
inf
inf
inf
inf
inf
inf
inf
inf
inf
inf
inf
inf
inf
inf
inf
inf
inf
inf
inf
inf
inf
inf
inf
inf
inf
inf
inf
inf
inf
inf
inf
inf
inf
inf
inf
inf
inf
inf
inf
inf
inf
inf
1.909000000000000000e+04
1.909000000000000000e+04
1.909000000000000000e+04
1.909000000000000000e+04
1.894000000000000000e+04
1.803800000000000000e+04
1.791300000000000000e+04
1.812600000000000000e+04
1.830700000000000000e+04
1.755100000000000000e+04
1.673500000000000000e+04
1.597200000000000000e+04
1.525000000000000000e+04
1.455600000000000000e+04
1.387800000000000000e+04
inf
inf
inf
inf
inf
inf
inf
inf
inf
inf
inf
inf
inf
inf
inf
inf
inf
inf
inf
inf
inf
inf
inf
inf
inf
inf
inf
inf
inf
inf
inf
inf
inf
inf
inf
inf
inf
inf
inf
inf
inf
inf
inf
inf
inf
inf
inf
inf
inf
inf
inf
inf
inf
inf
inf
inf
inf
inf
inf
inf
inf
inf
inf
inf
inf
inf
inf
inf
inf
inf
inf
inf
inf
inf
inf
inf
inf
inf
inf
inf
inf
inf
inf
inf
inf
inf
1.905700000000000000e+04
1.905700000000000000e+04
1.905700000000000000e+04
1.905700000000000000e+04
1.864800000000000000e+04
1.775600000000000000e+04
1.778200000000000000e+04
1.799900000000000000e+04
1.818300000000000000e+04
1.748600000000000000e+04
1.669100000000000000e+04
1.595300000000000000e+04
1.525400000000000000e+04
1.458300000000000000e+04
1.393600000000000000e+04
1.330400000000000000e+04
inf
inf
inf
inf
inf
inf
inf
inf
inf
inf
inf
inf
inf
inf
inf
inf
inf
inf
inf
inf
inf
inf
inf
inf
inf
inf
inf
inf
inf
inf
inf
inf
inf
inf
inf
inf
inf
inf
inf
inf
inf
inf
inf
inf
inf
inf
inf
inf
inf
inf
inf
inf
inf
inf
inf
inf
inf
inf
inf
inf
inf
inf
inf
inf
inf
inf
inf
inf
inf
inf
inf
inf
inf
inf
inf
inf
inf
inf
inf
inf
inf
inf
inf
inf
inf
1.902500000000000000e+04
1.902500000000000000e+04
1.902500000000000000e+04
1.902500000000000000e+04
1.836600000000000000e+04
1.748400000000000000e+04
1.765400000000000000e+04
1.787500000000000000e+04
1.806300000000000000e+04
1.740400000000000000e+04
1.663200000000000000e+04
1.591100000000000000e+04
1.523400000000000000e+04
1.458800000000000000e+04
1.396700000000000000e+04
1.335900000000000000e+04
1.276700000000000000e+04
inf
inf
inf
inf
inf
inf
inf
inf
inf
inf
inf
inf
inf
inf
inf
inf
inf
inf
inf
inf
inf
inf
inf
inf
inf
inf
inf
inf
inf
inf
inf
inf
inf
inf
inf
inf
inf
inf
inf
inf
inf
inf
inf
inf
inf
inf
inf
inf
inf
inf
inf
inf
inf
inf
inf
inf
inf
inf
inf
inf
inf
inf
inf
inf
inf
inf
inf
inf
inf
inf
inf
inf
inf
inf
inf
inf
inf
inf
inf
inf
inf
inf
inf
inf
1.899500000000000000e+04
1.899500000000000000e+04
1.899500000000000000e+04
1.899500000000000000e+04
1.810300000000000000e+04
1.726300000000000000e+04
1.753100000000000000e+04
1.775500000000000000e+04
1.794600000000000000e+04
1.731900000000000000e+04
1.656300000000000000e+04
1.586500000000000000e+04
1.520400000000000000e+04
1.457900000000000000e+04
1.397900000000000000e+04
1.339600000000000000e+04
1.282600000000000000e+04
inf
inf
inf
inf
inf
inf
inf
inf
inf
inf
inf
inf
inf
inf
inf
inf
inf
inf
inf
inf
inf
inf
inf
inf
inf
inf
inf
inf
inf
inf
inf
inf
inf
inf
inf
inf
inf
inf
inf
inf
inf
inf
inf
inf
inf
inf
inf
inf
inf
inf
inf
inf
inf
inf
inf
inf
inf
inf
inf
inf
inf
inf
inf
inf
inf
inf
inf
inf
inf
inf
inf
inf
inf
inf
inf
inf
inf
inf
inf
inf
inf
inf
inf
inf
1.896700000000000000e+04
1.896700000000000000e+04
1.896700000000000000e+04
1.895600000000000000e+04
1.785800000000000000e+04
1.713900000000000000e+04
1.741200000000000000e+04
1.764000000000000000e+04
1.783500000000000000e+04
1.723500000000000000e+04
1.649800000000000000e+04
1.581300000000000000e+04
1.517000000000000000e+04
1.456100000000000000e+04
1.398100000000000000e+04
1.341800000000000000e+04
1.287100000000000000e+04
1.233700000000000000e+04
inf
inf
inf
inf
inf
inf
inf
inf
inf
inf
inf
inf
inf
inf
inf
inf
inf
inf
inf
inf
inf
inf
inf
inf
inf
inf
inf
inf
inf
inf
inf
inf
inf
inf
inf
inf
inf
inf
inf
inf
inf
inf
inf
inf
inf
inf
inf
inf
inf
inf
inf
inf
inf
inf
inf
inf
inf
inf
inf
inf
inf
inf
inf
inf
inf
inf
inf
inf
inf
inf
inf
inf
inf
inf
inf
inf
inf
inf
inf
inf
inf
inf
inf
1.894100000000000000e+04
1.894100000000000000e+04
1.894100000000000000e+04
1.871900000000000000e+04
1.763100000000000000e+04
1.702000000000000000e+04
1.729600000000000000e+04
1.752800000000000000e+04
1.772600000000000000e+04
1.715200000000000000e+04
1.643000000000000000e+04
1.575900000000000000e+04
1.513300000000000000e+04
1.454200000000000000e+04
1.397600000000000000e+04
1.343100000000000000e+04
1.290600000000000000e+04
1.238800000000000000e+04
1.187700000000000000e+04
inf
inf
inf
inf
inf
inf
inf
inf
inf
inf
inf
inf
inf
inf
inf
inf
inf
inf
inf
inf
inf
inf
inf
inf
inf
inf
inf
inf
inf
inf
inf
inf
inf
inf
inf
inf
inf
inf
inf
inf
inf
inf
inf
inf
inf
inf
inf
inf
inf
inf
inf
inf
inf
inf
inf
inf
inf
inf
inf
inf
inf
inf
inf
inf
inf
inf
inf
inf
inf
inf
inf
inf
inf
inf
inf
inf
inf
inf
inf
inf
inf
inf
1.891500000000000000e+04
1.891500000000000000e+04
1.891500000000000000e+04
1.848300000000000000e+04
1.740500000000000000e+04
1.690100000000000000e+04
1.718200000000000000e+04
1.741700000000000000e+04
1.761900000000000000e+04
1.705600000000000000e+04
1.634800000000000000e+04
1.569200000000000000e+04
1.507900000000000000e+04
1.450300000000000000e+04
1.395300000000000000e+04
1.342400000000000000e+04
1.291600000000000000e+04
1.241700000000000000e+04
1.192900000000000000e+04
1.144300000000000000e+04
inf
inf
inf
inf
inf
inf
inf
inf
inf
inf
inf
inf
inf
inf
inf
inf
inf
inf
inf
inf
inf
inf
inf
inf
inf
inf
inf
inf
inf
inf
inf
inf
inf
inf
inf
inf
inf
inf
inf
inf
inf
inf
inf
inf
inf
inf
inf
inf
inf
inf
inf
inf
inf
inf
inf
inf
inf
inf
inf
inf
inf
inf
inf
inf
inf
inf
inf
inf
inf
inf
inf
inf
inf
inf
inf
inf
inf
inf
inf
inf
inf
1.889100000000000000e+04
1.889100000000000000e+04
1.889100000000000000e+04
1.826500000000000000e+04
1.719700000000000000e+04
1.678500000000000000e+04
1.707100000000000000e+04
1.731000000000000000e+04
1.751600000000000000e+04
1.696600000000000000e+04
1.627000000000000000e+04
1.562800000000000000e+04
1.503000000000000000e+04
1.446500000000000000e+04
1.393000000000000000e+04
1.341600000000000000e+04
1.292000000000000000e+04
1.244000000000000000e+04
1.196800000000000000e+04
1.150100000000000000e+04
inf
inf
inf
inf
inf
inf
inf
inf
inf
inf
inf
inf
inf
inf
inf
inf
inf
inf
inf
inf
inf
inf
inf
inf
inf
inf
inf
inf
inf
inf
inf
inf
inf
inf
inf
inf
inf
inf
inf
inf
inf
inf
inf
inf
inf
inf
inf
inf
inf
inf
inf
inf
inf
inf
inf
inf
inf
inf
inf
inf
inf
inf
inf
inf
inf
inf
inf
inf
inf
inf
inf
inf
inf
inf
inf
inf
inf
inf
inf
inf
inf
1.886700000000000000e+04
1.886700000000000000e+04
1.886700000000000000e+04
1.804900000000000000e+04
1.699000000000000000e+04
1.667000000000000000e+04
1.695900000000000000e+04
1.720300000000000000e+04
1.741200000000000000e+04
1.686600000000000000e+04
1.618200000000000000e+04
1.555200000000000000e+04
1.496800000000000000e+04
1.441400000000000000e+04
1.389200000000000000e+04
1.339200000000000000e+04
1.291000000000000000e+04
1.244400000000000000e+04
1.198800000000000000e+04
1.154000000000000000e+04
1.109600000000000000e+04
inf
inf
inf
inf
inf
inf
inf
inf
inf
inf
inf
inf
inf
inf
inf
inf
inf
inf
inf
inf
inf
inf
inf
inf
inf
inf
inf
inf
inf
inf
inf
inf
inf
inf
inf
inf
inf
inf
inf
inf
inf
inf
inf
inf
inf
inf
inf
inf
inf
inf
inf
inf
inf
inf
inf
inf
inf
inf
inf
inf
inf
inf
inf
inf
inf
inf
inf
inf
inf
inf
inf
inf
inf
inf
inf
inf
inf
inf
inf
inf
1.884500000000000000e+04
1.884500000000000000e+04
1.884500000000000000e+04
1.785100000000000000e+04
1.680200000000000000e+04
1.655700000000000000e+04
1.685200000000000000e+04
1.709900000000000000e+04
1.731200000000000000e+04
1.677200000000000000e+04
1.610200000000000000e+04
1.548300000000000000e+04
1.490900000000000000e+04
1.437000000000000000e+04
1.385800000000000000e+04
1.336900000000000000e+04
1.289900000000000000e+04
1.244600000000000000e+04
1.200400000000000000e+04
1.157000000000000000e+04
1.114400000000000000e+04
1.072200000000000000e+04
inf
inf
inf
inf
inf
inf
inf
inf
inf
inf
inf
inf
inf
inf
inf
inf
inf
inf
inf
inf
inf
inf
inf
inf
inf
inf
inf
inf
inf
inf
inf
inf
inf
inf
inf
inf
inf
inf
inf
inf
inf
inf
inf
inf
inf
inf
inf
inf
inf
inf
inf
inf
inf
inf
inf
inf
inf
inf
inf
inf
inf
inf
inf
inf
inf
inf
inf
inf
inf
inf
inf
inf
inf
inf
inf
inf
inf
inf
inf
1.882300000000000000e+04
1.882300000000000000e+04
1.882300000000000000e+04
1.765300000000000000e+04
1.661400000000000000e+04
1.644400000000000000e+04
1.674400000000000000e+04
1.699500000000000000e+04
1.721200000000000000e+04
1.667300000000000000e+04
1.601400000000000000e+04
1.540700000000000000e+04
1.484100000000000000e+04
1.431200000000000000e+04
1.381300000000000000e+04
1.333500000000000000e+04
1.287600000000000000e+04
1.243500000000000000e+04
1.200700000000000000e+04
1.158600000000000000e+04
1.117300000000000000e+04
1.076600000000000000e+04
1.036200000000000000e+04
inf
inf
inf
inf
inf
inf
inf
inf
inf
inf
inf
inf
inf
inf
inf
inf
inf
inf
inf
inf
inf
inf
inf
inf
inf
inf
inf
inf
inf
inf
inf
inf
inf
inf
inf
inf
inf
inf
inf
inf
inf
inf
inf
inf
inf
inf
inf
inf
inf
inf
inf
inf
inf
inf
inf
inf
inf
inf
inf
inf
inf
inf
inf
inf
inf
inf
inf
inf
inf
inf
inf
inf
inf
inf
inf
inf
inf
inf
1.880200000000000000e+04
1.880200000000000000e+04
1.880200000000000000e+04
1.746600000000000000e+04
1.643500000000000000e+04
1.633300000000000000e+04
1.663700000000000000e+04
1.689300000000000000e+04
1.711300000000000000e+04
1.657500000000000000e+04
1.592600000000000000e+04
1.532900000000000000e+04
1.477500000000000000e+04
1.425600000000000000e+04
1.376600000000000000e+04
1.329800000000000000e+04
1.285000000000000000e+04
1.241900000000000000e+04
1.200200000000000000e+04
1.159600000000000000e+04
1.119500000000000000e+04
1.080100000000000000e+04
1.041000000000000000e+04
inf
inf
inf
inf
inf
inf
inf
inf
inf
inf
inf
inf
inf
inf
inf
inf
inf
inf
inf
inf
inf
inf
inf
inf
inf
inf
inf
inf
inf
inf
inf
inf
inf
inf
inf
inf
inf
inf
inf
inf
inf
inf
inf
inf
inf
inf
inf
inf
inf
inf
inf
inf
inf
inf
inf
inf
inf
inf
inf
inf
inf
inf
inf
inf
inf
inf
inf
inf
inf
inf
inf
inf
inf
inf
inf
inf
inf
inf
1.878200000000000000e+04
1.878200000000000000e+04
1.871200000000000000e+04
1.728800000000000000e+04
1.626600000000000000e+04
1.622200000000000000e+04
1.653100000000000000e+04
1.679100000000000000e+04
1.701600000000000000e+04
1.647900000000000000e+04
1.584000000000000000e+04
1.525300000000000000e+04
1.470900000000000000e+04
1.419900000000000000e+04
1.371700000000000000e+04
1.325900000000000000e+04
1.282300000000000000e+04
1.240200000000000000e+04
1.199200000000000000e+04
1.159800000000000000e+04
1.120900000000000000e+04
1.082800000000000000e+04
1.045000000000000000e+04
1.007700000000000000e+04
inf
inf
inf
inf
inf
inf
inf
inf
inf
inf
inf
inf
inf
inf
inf
inf
inf
inf
inf
inf
inf
inf
inf
inf
inf
inf
inf
inf
inf
inf
inf
inf
inf
inf
inf
inf
inf
inf
inf
inf
inf
inf
inf
inf
inf
inf
inf
inf
inf
inf
inf
inf
inf
inf
inf
inf
inf
inf
inf
inf
inf
inf
inf
inf
inf
inf
inf
inf
inf
inf
inf
inf
inf
inf
inf
inf
inf
1.876300000000000000e+04
1.876300000000000000e+04
1.853200000000000000e+04
1.712000000000000000e+04
1.610600000000000000e+04
1.611200000000000000e+04
1.642600000000000000e+04
1.669100000000000000e+04
1.691900000000000000e+04
1.638600000000000000e+04
1.575600000000000000e+04
1.517700000000000000e+04
1.464200000000000000e+04
1.414100000000000000e+04
1.366900000000000000e+04
1.322000000000000000e+04
1.279100000000000000e+04
1.237900000000000000e+04
1.198300000000000000e+04
1.159500000000000000e+04
1.121800000000000000e+04
1.084700000000000000e+04
1.048300000000000000e+04
1.012000000000000000e+04
9.759000000000000000e+03
inf
inf
inf
inf
inf
inf
inf
inf
inf
inf
inf
inf
inf
inf
inf
inf
inf
inf
inf
inf
inf
inf
inf
inf
inf
inf
inf
inf
inf
inf
inf
inf
inf
inf
inf
inf
inf
inf
inf
inf
inf
inf
inf
inf
inf
inf
inf
inf
inf
inf
inf
inf
inf
inf
inf
inf
inf
inf
inf
inf
inf
inf
inf
inf
inf
inf
inf
inf
inf
inf
inf
inf
inf
inf
inf
inf
1.874400000000000000e+04
1.874400000000000000e+04
1.835300000000000000e+04
1.695200000000000000e+04
1.594700000000000000e+04
1.600100000000000000e+04
1.632000000000000000e+04
1.659000000000000000e+04
1.682200000000000000e+04
1.628700000000000000e+04
1.566700000000000000e+04
1.509800000000000000e+04
1.457000000000000000e+04
1.407700000000000000e+04
1.361400000000000000e+04
1.317400000000000000e+04
1.275300000000000000e+04
1.235000000000000000e+04
1.196200000000000000e+04
1.158400000000000000e+04
1.121800000000000000e+04
1.085600000000000000e+04
1.050400000000000000e+04
1.015200000000000000e+04
9.805000000000000000e+03
inf
inf
inf
inf
inf
inf
inf
inf
inf
inf
inf
inf
inf
inf
inf
inf
inf
inf
inf
inf
inf
inf
inf
inf
inf
inf
inf
inf
inf
inf
inf
inf
inf
inf
inf
inf
inf
inf
inf
inf
inf
inf
inf
inf
inf
inf
inf
inf
inf
inf
inf
inf
inf
inf
inf
inf
inf
inf
inf
inf
inf
inf
inf
inf
inf
inf
inf
inf
inf
inf
inf
inf
inf
inf
inf
inf
1.872600000000000000e+04
1.872600000000000000e+04
1.818500000000000000e+04
1.679400000000000000e+04
1.579700000000000000e+04
1.589100000000000000e+04
1.621500000000000000e+04
1.649000000000000000e+04
1.672600000000000000e+04
1.619200000000000000e+04
1.558000000000000000e+04
1.502000000000000000e+04
1.450200000000000000e+04
1.401700000000000000e+04
1.356000000000000000e+04
1.312800000000000000e+04
1.271600000000000000e+04
1.232100000000000000e+04
1.193900000000000000e+04
1.157100000000000000e+04
1.121300000000000000e+04
1.086200000000000000e+04
1.051800000000000000e+04
1.017800000000000000e+04
9.841000000000000000e+03
9.506000000000000000e+03
inf
inf
inf
inf
inf
inf
inf
inf
inf
inf
inf
inf
inf
inf
inf
inf
inf
inf
inf
inf
inf
inf
inf
inf
inf
inf
inf
inf
inf
inf
inf
inf
inf
inf
inf
inf
inf
inf
inf
inf
inf
inf
inf
inf
inf
inf
inf
inf
inf
inf
inf
inf
inf
inf
inf
inf
inf
inf
inf
inf
inf
inf
inf
inf
inf
inf
inf
inf
inf
inf
inf
inf
inf
inf
inf
1.870800000000000000e+04
1.870800000000000000e+04
1.801600000000000000e+04
1.663700000000000000e+04
1.564700000000000000e+04
1.577800000000000000e+04
1.610800000000000000e+04
1.638800000000000000e+04
1.662800000000000000e+04
1.609400000000000000e+04
1.549100000000000000e+04
1.493900000000000000e+04
1.442700000000000000e+04
1.395100000000000000e+04
1.350300000000000000e+04
1.307700000000000000e+04
1.267100000000000000e+04
1.228500000000000000e+04
1.191200000000000000e+04
1.155100000000000000e+04
1.120000000000000000e+04
1.085900000000000000e+04
1.052400000000000000e+04
1.019400000000000000e+04
9.869000000000000000e+03
9.543000000000000000e+03
9.219000000000000000e+03
inf
inf
inf
inf
inf
inf
inf
inf
inf
inf
inf
inf
inf
inf
inf
inf
inf
inf
inf
inf
inf
inf
inf
inf
inf
inf
inf
inf
inf
inf
inf
inf
inf
inf
inf
inf
inf
inf
inf
inf
inf
inf
inf
inf
inf
inf
inf
inf
inf
inf
inf
inf
inf
inf
inf
inf
inf
inf
inf
inf
inf
inf
inf
inf
inf
inf
inf
inf
inf
inf
inf
inf
inf
inf
1.869100000000000000e+04
1.869100000000000000e+04
1.785800000000000000e+04
1.648900000000000000e+04
1.550700000000000000e+04
1.566600000000000000e+04
1.600200000000000000e+04
1.628700000000000000e+04
1.653200000000000000e+04
1.600000000000000000e+04
1.540500000000000000e+04
1.486100000000000000e+04
1.435700000000000000e+04
1.388700000000000000e+04
1.344500000000000000e+04
1.302800000000000000e+04
1.263000000000000000e+04
1.224900000000000000e+04
1.188400000000000000e+04
1.153000000000000000e+04
1.118700000000000000e+04
1.085300000000000000e+04
1.052700000000000000e+04
1.020500000000000000e+04
9.889000000000000000e+03
9.575000000000000000e+03
9.263000000000000000e+03
8.950000000000000000e+03
inf
inf
inf
inf
inf
inf
inf
inf
inf
inf
inf
inf
inf
inf
inf
inf
inf
inf
inf
inf
inf
inf
inf
inf
inf
inf
inf
inf
inf
inf
inf
inf
inf
inf
inf
inf
inf
inf
inf
inf
inf
inf
inf
inf
inf
inf
inf
inf
inf
inf
inf
inf
inf
inf
inf
inf
inf
inf
inf
inf
inf
inf
inf
inf
inf
inf
inf
inf
inf
inf
inf
inf
inf
1.867500000000000000e+04
1.867500000000000000e+04
1.770900000000000000e+04
1.635000000000000000e+04
1.537500000000000000e+04
1.555400000000000000e+04
1.589700000000000000e+04
1.618600000000000000e+04
1.643600000000000000e+04
1.591000000000000000e+04
1.532300000000000000e+04
1.478600000000000000e+04
1.428900000000000000e+04
1.382600000000000000e+04
1.339100000000000000e+04
1.298000000000000000e+04
1.258900000000000000e+04
1.221500000000000000e+04
1.185600000000000000e+04
1.150900000000000000e+04
1.117400000000000000e+04
1.084600000000000000e+04
1.052600000000000000e+04
1.021300000000000000e+04
9.904000000000000000e+03
9.599000000000000000e+03
9.298000000000000000e+03
8.996000000000000000e+03
inf
inf
inf
inf
inf
inf
inf
inf
inf
inf
inf
inf
inf
inf
inf
inf
inf
inf
inf
inf
inf
inf
inf
inf
inf
inf
inf
inf
inf
inf
inf
inf
inf
inf
inf
inf
inf
inf
inf
inf
inf
inf
inf
inf
inf
inf
inf
inf
inf
inf
inf
inf
inf
inf
inf
inf
inf
inf
inf
inf
inf
inf
inf
inf
inf
inf
inf
inf
inf
inf
inf
inf
inf
1.865900000000000000e+04
1.865900000000000000e+04
1.756100000000000000e+04
1.621200000000000000e+04
1.524500000000000000e+04
1.544000000000000000e+04
1.578900000000000000e+04
1.608400000000000000e+04
1.633900000000000000e+04
1.581700000000000000e+04
1.523800000000000000e+04
1.470900000000000000e+04
1.421800000000000000e+04
1.376300000000000000e+04
1.333400000000000000e+04
1.292900000000000000e+04
1.254400000000000000e+04
1.217700000000000000e+04
1.182400000000000000e+04
1.148300000000000000e+04
1.115400000000000000e+04
1.083500000000000000e+04
1.052100000000000000e+04
1.021500000000000000e+04
9.914000000000000000e+03
9.619000000000000000e+03
9.324000000000000000e+03
9.032000000000000000e+03
8.738000000000000000e+03
inf
inf
inf
inf
inf
inf
inf
inf
inf
inf
inf
inf
inf
inf
inf
inf
inf
inf
inf
inf
inf
inf
inf
inf
inf
inf
inf
inf
inf
inf
inf
inf
inf
inf
inf
inf
inf
inf
inf
inf
inf
inf
inf
inf
inf
inf
inf
inf
inf
inf
inf
inf
inf
inf
inf
inf
inf
inf
inf
inf
inf
inf
inf
inf
inf
inf
inf
inf
inf
inf
inf
inf
1.864300000000000000e+04
1.864300000000000000e+04
1.741400000000000000e+04
1.607400000000000000e+04
1.511500000000000000e+04
1.532200000000000000e+04
1.567800000000000000e+04
1.597900000000000000e+04
1.623900000000000000e+04
1.572200000000000000e+04
1.515000000000000000e+04
1.462700000000000000e+04
1.414400000000000000e+04
1.369500000000000000e+04
1.327300000000000000e+04
1.287400000000000000e+04
1.249600000000000000e+04
1.213500000000000000e+04
1.178700000000000000e+04
1.145300000000000000e+04
1.112900000000000000e+04
1.081600000000000000e+04
1.051000000000000000e+04
1.021100000000000000e+04
9.917000000000000000e+03
9.627000000000000000e+03
9.342000000000000000e+03
9.059000000000000000e+03
8.775000000000000000e+03
8.493000000000000000e+03
inf
inf
inf
inf
inf
inf
inf
inf
inf
inf
inf
inf
inf
inf
inf
inf
inf
inf
inf
inf
inf
inf
inf
inf
inf
inf
inf
inf
inf
inf
inf
inf
inf
inf
inf
inf
inf
inf
inf
inf
inf
inf
inf
inf
inf
inf
inf
inf
inf
inf
inf
inf
inf
inf
inf
inf
inf
inf
inf
inf
inf
inf
inf
inf
inf
inf
inf
inf
inf
inf
inf
1.862800000000000000e+04
1.862800000000000000e+04
1.727700000000000000e+04
1.594600000000000000e+04
1.499300000000000000e+04
1.520500000000000000e+04
1.556700000000000000e+04
1.587500000000000000e+04
1.614000000000000000e+04
1.563100000000000000e+04
1.506700000000000000e+04
1.455100000000000000e+04
1.407500000000000000e+04
1.363200000000000000e+04
1.321600000000000000e+04
1.282200000000000000e+04
1.244900000000000000e+04
1.209400000000000000e+04
1.175300000000000000e+04
1.142500000000000000e+04
1.110800000000000000e+04
1.079800000000000000e+04
1.049900000000000000e+04
1.020600000000000000e+04
9.919000000000000000e+03
9.637000000000000000e+03
9.359000000000000000e+03
9.083000000000000000e+03
8.808000000000000000e+03
8.533000000000000000e+03
inf
inf
inf
inf
inf
inf
inf
inf
inf
inf
inf
inf
inf
inf
inf
inf
inf
inf
inf
inf
inf
inf
inf
inf
inf
inf
inf
inf
inf
inf
inf
inf
inf
inf
inf
inf
inf
inf
inf
inf
inf
inf
inf
inf
inf
inf
inf
inf
inf
inf
inf
inf
inf
inf
inf
inf
inf
inf
inf
inf
inf
inf
inf
inf
inf
inf
inf
inf
inf
inf
inf
1.861300000000000000e+04
1.861300000000000000e+04
1.714000000000000000e+04
1.581900000000000000e+04
1.487200000000000000e+04
1.508400000000000000e+04
1.545400000000000000e+04
1.576700000000000000e+04
1.603900000000000000e+04
1.553800000000000000e+04
1.498100000000000000e+04
1.447300000000000000e+04
1.400200000000000000e+04
1.356500000000000000e+04
1.315400000000000000e+04
1.276700000000000000e+04
1.240100000000000000e+04
1.205000000000000000e+04
1.171500000000000000e+04
1.139100000000000000e+04
1.107900000000000000e+04
1.077800000000000000e+04
1.048300000000000000e+04
1.019700000000000000e+04
9.915000000000000000e+03
9.638000000000000000e+03
9.368000000000000000e+03
9.100000000000000000e+03
8.832000000000000000e+03
8.566000000000000000e+03
8.300000000000000000e+03
inf
inf
inf
inf
inf
inf
inf
inf
inf
inf
inf
inf
inf
inf
inf
inf
inf
inf
inf
inf
inf
inf
inf
inf
inf
inf
inf
inf
inf
inf
inf
inf
inf
inf
inf
inf
inf
inf
inf
inf
inf
inf
inf
inf
inf
inf
inf
inf
inf
inf
inf
inf
inf
inf
inf
inf
inf
inf
inf
inf
inf
inf
inf
inf
inf
inf
inf
inf
inf
inf
1.859800000000000000e+04
1.859800000000000000e+04
1.700300000000000000e+04
1.569200000000000000e+04
1.475200000000000000e+04
1.495800000000000000e+04
1.533600000000000000e+04
1.565700000000000000e+04
1.593400000000000000e+04
1.544200000000000000e+04
1.489300000000000000e+04
1.439100000000000000e+04
1.392700000000000000e+04
1.349500000000000000e+04
1.309100000000000000e+04
1.270900000000000000e+04
1.234800000000000000e+04
1.200200000000000000e+04
1.167200000000000000e+04
1.135400000000000000e+04
1.104900000000000000e+04
1.075200000000000000e+04
1.046300000000000000e+04
1.018200000000000000e+04
9.908000000000000000e+03
9.638000000000000000e+03
9.373000000000000000e+03
9.109000000000000000e+03
8.850000000000000000e+03
8.592000000000000000e+03
8.334000000000000000e+03
8.075000000000000000e+03
inf
inf
inf
inf
inf
inf
inf
inf
inf
inf
inf
inf
inf
inf
inf
inf
inf
inf
inf
inf
inf
inf
inf
inf
inf
inf
inf
inf
inf
inf
inf
inf
inf
inf
inf
inf
inf
inf
inf
inf
inf
inf
inf
inf
inf
inf
inf
inf
inf
inf
inf
inf
inf
inf
inf
inf
inf
inf
inf
inf
inf
inf
inf
inf
inf
inf
inf
inf
inf
1.858400000000000000e+04
1.858400000000000000e+04
1.687600000000000000e+04
1.557400000000000000e+04
1.464100000000000000e+04
1.483000000000000000e+04
1.521800000000000000e+04
1.554600000000000000e+04
1.583000000000000000e+04
1.535300000000000000e+04
1.481000000000000000e+04
1.431400000000000000e+04
1.385600000000000000e+04
1.343000000000000000e+04
1.303200000000000000e+04
1.265500000000000000e+04
1.229900000000000000e+04
1.195900000000000000e+04
1.163300000000000000e+04
1.132100000000000000e+04
1.102000000000000000e+04
1.072700000000000000e+04
1.044500000000000000e+04
1.016900000000000000e+04
9.899000000000000000e+03
9.635000000000000000e+03
9.375000000000000000e+03
9.118000000000000000e+03
8.865000000000000000e+03
8.614000000000000000e+03
8.362000000000000000e+03
8.114000000000000000e+03
7.863000000000000000e+03
inf
inf
inf
inf
inf
inf
inf
inf
inf
inf
inf
inf
inf
inf
inf
inf
inf
inf
inf
inf
inf
inf
inf
inf
inf
inf
inf
inf
inf
inf
inf
inf
inf
inf
inf
inf
inf
inf
inf
inf
inf
inf
inf
inf
inf
inf
inf
inf
inf
inf
inf
inf
inf
inf
inf
inf
inf
inf
inf
inf
inf
inf
inf
inf
inf
inf
inf
inf
1.857000000000000000e+04
1.857000000000000000e+04
1.675000000000000000e+04
1.545600000000000000e+04
1.453000000000000000e+04
1.469700000000000000e+04
1.509500000000000000e+04
1.543200000000000000e+04
1.572200000000000000e+04
1.526100000000000000e+04
1.472500000000000000e+04
1.423500000000000000e+04
1.378300000000000000e+04
1.336400000000000000e+04
1.297000000000000000e+04
1.259900000000000000e+04
1.224700000000000000e+04
1.191200000000000000e+04
1.159200000000000000e+04
1.128400000000000000e+04
1.098800000000000000e+04
1.070000000000000000e+04
1.042300000000000000e+04
1.015200000000000000e+04
9.887000000000000000e+03
9.628000000000000000e+03
9.373000000000000000e+03
9.123000000000000000e+03
8.875000000000000000e+03
8.631000000000000000e+03
8.386000000000000000e+03
8.142000000000000000e+03
7.902000000000000000e+03
inf
inf
inf
inf
inf
inf
inf
inf
inf
inf
inf
inf
inf
inf
inf
inf
inf
inf
inf
inf
inf
inf
inf
inf
inf
inf
inf
inf
inf
inf
inf
inf
inf
inf
inf
inf
inf
inf
inf
inf
inf
inf
inf
inf
inf
inf
inf
inf
inf
inf
inf
inf
inf
inf
inf
inf
inf
inf
inf
inf
inf
inf
inf
inf
inf
inf
inf
inf
1.855600000000000000e+04
1.855600000000000000e+04
1.662500000000000000e+04
1.533900000000000000e+04
1.442000000000000000e+04
1.455700000000000000e+04
1.496600000000000000e+04
1.531200000000000000e+04
1.561100000000000000e+04
1.516600000000000000e+04
1.463800000000000000e+04
1.415400000000000000e+04
1.370900000000000000e+04
1.329400000000000000e+04
1.290600000000000000e+04
1.253900000000000000e+04
1.219300000000000000e+04
1.186300000000000000e+04
1.154700000000000000e+04
1.124500000000000000e+04
1.095300000000000000e+04
1.067000000000000000e+04
1.039700000000000000e+04
1.013000000000000000e+04
9.870000000000000000e+03
9.617000000000000000e+03
9.367000000000000000e+03
9.123000000000000000e+03
8.881000000000000000e+03
8.641000000000000000e+03
8.403000000000000000e+03
8.168000000000000000e+03
7.931000000000000000e+03
7.696000000000000000e+03
inf
inf
inf
inf
inf
inf
inf
inf
inf
inf
inf
inf
inf
inf
inf
inf
inf
inf
inf
inf
inf
inf
inf
inf
inf
inf
inf
inf
inf
inf
inf
inf
inf
inf
inf
inf
inf
inf
inf
inf
inf
inf
inf
inf
inf
inf
inf
inf
inf
inf
inf
inf
inf
inf
inf
inf
inf
inf
inf
inf
inf
inf
inf
inf
inf
inf
inf
1.854300000000000000e+04
1.854300000000000000e+04
1.650800000000000000e+04
1.523200000000000000e+04
1.431800000000000000e+04
1.441500000000000000e+04
1.483500000000000000e+04
1.519100000000000000e+04
1.549800000000000000e+04
1.507800000000000000e+04
1.455600000000000000e+04
1.407800000000000000e+04
1.363900000000000000e+04
1.322900000000000000e+04
1.284700000000000000e+04
1.248500000000000000e+04
1.214400000000000000e+04
1.181800000000000000e+04
1.150700000000000000e+04
1.120800000000000000e+04
1.092000000000000000e+04
1.064300000000000000e+04
1.037300000000000000e+04
1.011200000000000000e+04
9.857000000000000000e+03
9.608000000000000000e+03
9.363000000000000000e+03
9.123000000000000000e+03
8.885000000000000000e+03
8.651000000000000000e+03
8.419000000000000000e+03
8.190000000000000000e+03
7.959000000000000000e+03
7.732000000000000000e+03
7.500000000000000000e+03
inf
inf
inf
inf
inf
inf
inf
inf
inf
inf
inf
inf
inf
inf
inf
inf
inf
inf
inf
inf
inf
inf
inf
inf
inf
inf
inf
inf
inf
inf
inf
inf
inf
inf
inf
inf
inf
inf
inf
inf
inf
inf
inf
inf
inf
inf
inf
inf
inf
inf
inf
inf
inf
inf
inf
inf
inf
inf
inf
inf
inf
inf
inf
inf
inf
inf
1.853000000000000000e+04
1.853000000000000000e+04
1.639300000000000000e+04
1.512400000000000000e+04
1.421600000000000000e+04
1.426200000000000000e+04
1.469700000000000000e+04
1.506400000000000000e+04
1.538100000000000000e+04
1.498700000000000000e+04
1.447100000000000000e+04
1.400000000000000000e+04
1.356600000000000000e+04
1.316200000000000000e+04
1.278500000000000000e+04
1.242800000000000000e+04
1.209100000000000000e+04
1.177000000000000000e+04
1.146400000000000000e+04
1.116900000000000000e+04
1.088500000000000000e+04
1.061300000000000000e+04
1.034700000000000000e+04
1.008900000000000000e+04
9.839000000000000000e+03
9.594000000000000000e+03
9.353000000000000000e+03
9.118000000000000000e+03
8.886000000000000000e+03
8.657000000000000000e+03
8.431000000000000000e+03
8.206000000000000000e+03
7.981000000000000000e+03
7.760000000000000000e+03
7.535000000000000000e+03
inf
inf
inf
inf
inf
inf
inf
inf
inf
inf
inf
inf
inf
inf
inf
inf
inf
inf
inf
inf
inf
inf
inf
inf
inf
inf
inf
inf
inf
inf
inf
inf
inf
inf
inf
inf
inf
inf
inf
inf
inf
inf
inf
inf
inf
inf
inf
inf
inf
inf
inf
inf
inf
inf
inf
inf
inf
inf
inf
inf
inf
inf
inf
inf
inf
inf
1.851700000000000000e+04
1.841400000000000000e+04
1.627800000000000000e+04
1.501700000000000000e+04
1.411500000000000000e+04
1.409700000000000000e+04
1.454900000000000000e+04
1.493000000000000000e+04
1.525800000000000000e+04
1.489300000000000000e+04
1.438500000000000000e+04
1.392100000000000000e+04
1.349200000000000000e+04
1.309300000000000000e+04
1.272100000000000000e+04
1.237000000000000000e+04
1.203600000000000000e+04
1.172000000000000000e+04
1.141800000000000000e+04
1.112800000000000000e+04
1.084900000000000000e+04
1.057900000000000000e+04
1.031900000000000000e+04
1.006500000000000000e+04
9.818000000000000000e+03
9.578000000000000000e+03
9.342000000000000000e+03
9.111000000000000000e+03
8.884000000000000000e+03
8.659000000000000000e+03
8.438000000000000000e+03
8.217000000000000000e+03
8.000000000000000000e+03
7.783000000000000000e+03
7.567000000000000000e+03
7.347000000000000000e+03
inf
inf
inf
inf
inf
inf
inf
inf
inf
inf
inf
inf
inf
inf
inf
inf
inf
inf
inf
inf
inf
inf
inf
inf
inf
inf
inf
inf
inf
inf
inf
inf
inf
inf
inf
inf
inf
inf
inf
inf
inf
inf
inf
inf
inf
inf
inf
inf
inf
inf
inf
inf
inf
inf
inf
inf
inf
inf
inf
inf
inf
inf
inf
inf
inf
1.850500000000000000e+04
1.829600000000000000e+04
1.617200000000000000e+04
1.491900000000000000e+04
1.402300000000000000e+04
1.392200000000000000e+04
1.439500000000000000e+04
1.479100000000000000e+04
1.513100000000000000e+04
1.480600000000000000e+04
1.430400000000000000e+04
1.384600000000000000e+04
1.342300000000000000e+04
1.303000000000000000e+04
1.266200000000000000e+04
1.231500000000000000e+04
1.198600000000000000e+04
1.167400000000000000e+04
1.137600000000000000e+04
1.109000000000000000e+04
1.081600000000000000e+04
1.055000000000000000e+04
1.029200000000000000e+04
1.004300000000000000e+04
9.800000000000000000e+03
9.564000000000000000e+03
9.332000000000000000e+03
9.105000000000000000e+03
8.881000000000000000e+03
8.661000000000000000e+03
8.444000000000000000e+03
8.230000000000000000e+03
8.016000000000000000e+03
7.804000000000000000e+03
7.593000000000000000e+03
7.382000000000000000e+03
7.170000000000000000e+03
inf
inf
inf
inf
inf
inf
inf
inf
inf
inf
inf
inf
inf
inf
inf
inf
inf
inf
inf
inf
inf
inf
inf
inf
inf
inf
inf
inf
inf
inf
inf
inf
inf
inf
inf
inf
inf
inf
inf
inf
inf
inf
inf
inf
inf
inf
inf
inf
inf
inf
inf
inf
inf
inf
inf
inf
inf
inf
inf
inf
inf
inf
inf
inf
1.849300000000000000e+04
1.817800000000000000e+04
1.606700000000000000e+04
1.482100000000000000e+04
1.393100000000000000e+04
1.372800000000000000e+04
1.422700000000000000e+04
1.464300000000000000e+04
1.499700000000000000e+04
1.471400000000000000e+04
1.422100000000000000e+04
1.376900000000000000e+04
1.335200000000000000e+04
1.296400000000000000e+04
1.260100000000000000e+04
1.225800000000000000e+04
1.193500000000000000e+04
1.162600000000000000e+04
1.133200000000000000e+04
1.105000000000000000e+04
1.077900000000000000e+04
1.051800000000000000e+04
1.026500000000000000e+04
1.001900000000000000e+04
9.780000000000000000e+03
9.546000000000000000e+03
9.319000000000000000e+03
9.096000000000000000e+03
8.876000000000000000e+03
8.661000000000000000e+03
8.448000000000000000e+03
8.238000000000000000e+03
8.029000000000000000e+03
7.822000000000000000e+03
7.615000000000000000e+03
7.409000000000000000e+03
7.202000000000000000e+03
inf
inf
inf
inf
inf
inf
inf
inf
inf
inf
inf
inf
inf
inf
inf
inf
inf
inf
inf
inf
inf
inf
inf
inf
inf
inf
inf
inf
inf
inf
inf
inf
inf
inf
inf
inf
inf
inf
inf
inf
inf
inf
inf
inf
inf
inf
inf
inf
inf
inf
inf
inf
inf
inf
inf
inf
inf
inf
inf
inf
inf
inf
inf
inf
1.848100000000000000e+04
1.806100000000000000e+04
1.596200000000000000e+04
1.472400000000000000e+04
1.383900000000000000e+04
1.350000000000000000e+04
1.403900000000000000e+04
1.448000000000000000e+04
1.485300000000000000e+04
1.462100000000000000e+04
1.413400000000000000e+04
1.369000000000000000e+04
1.327800000000000000e+04
1.289700000000000000e+04
1.253800000000000000e+04
1.220000000000000000e+04
1.188100000000000000e+04
1.157700000000000000e+04
1.128700000000000000e+04
1.100900000000000000e+04
1.074200000000000000e+04
1.048300000000000000e+04
1.023400000000000000e+04
9.992000000000000000e+03
9.757000000000000000e+03
9.527000000000000000e+03
9.303000000000000000e+03
9.084000000000000000e+03
8.869000000000000000e+03
8.657000000000000000e+03
8.447000000000000000e+03
8.241000000000000000e+03
8.037000000000000000e+03
7.835000000000000000e+03
7.633000000000000000e+03
7.432000000000000000e+03
7.231000000000000000e+03
7.032000000000000000e+03
inf
inf
inf
inf
inf
inf
inf
inf
inf
inf
inf
inf
inf
inf
inf
inf
inf
inf
inf
inf
inf
inf
inf
inf
inf
inf
inf
inf
inf
inf
inf
inf
inf
inf
inf
inf
inf
inf
inf
inf
inf
inf
inf
inf
inf
inf
inf
inf
inf
inf
inf
inf
inf
inf
inf
inf
inf
inf
inf
inf
inf
inf
inf
1.846900000000000000e+04
1.794300000000000000e+04
1.585700000000000000e+04
1.462700000000000000e+04
1.374800000000000000e+04
1.321400000000000000e+04
1.382100000000000000e+04
1.429900000000000000e+04
1.469500000000000000e+04
1.452400000000000000e+04
1.404500000000000000e+04
1.360800000000000000e+04
1.320300000000000000e+04
1.282600000000000000e+04
1.247300000000000000e+04
1.214000000000000000e+04
1.182500000000000000e+04
1.152600000000000000e+04
1.124000000000000000e+04
1.096500000000000000e+04
1.070200000000000000e+04
1.044700000000000000e+04
1.020200000000000000e+04
9.963000000000000000e+03
9.731000000000000000e+03
9.506000000000000000e+03
9.285000000000000000e+03
9.070000000000000000e+03
8.858000000000000000e+03
8.651000000000000000e+03
8.446000000000000000e+03
8.242000000000000000e+03
8.043000000000000000e+03
7.846000000000000000e+03
7.648000000000000000e+03
7.453000000000000000e+03
7.255000000000000000e+03
7.061000000000000000e+03
6.864000000000000000e+03
inf
inf
inf
inf
inf
inf
inf
inf
inf
inf
inf
inf
inf
inf
inf
inf
inf
inf
inf
inf
inf
inf
inf
inf
inf
inf
inf
inf
inf
inf
inf
inf
inf
inf
inf
inf
inf
inf
inf
inf
inf
inf
inf
inf
inf
inf
inf
inf
inf
inf
inf
inf
inf
inf
inf
inf
inf
inf
inf
inf
inf
inf
1.845700000000000000e+04
1.782700000000000000e+04
1.575300000000000000e+04
1.453100000000000000e+04
1.365700000000000000e+04
1.297300000000000000e+04
1.354800000000000000e+04
1.408800000000000000e+04
1.452000000000000000e+04
1.442300000000000000e+04
1.395400000000000000e+04
1.352300000000000000e+04
1.312500000000000000e+04
1.275400000000000000e+04
1.240600000000000000e+04
1.207900000000000000e+04
1.176800000000000000e+04
1.147200000000000000e+04
1.119000000000000000e+04
1.092000000000000000e+04
1.066000000000000000e+04
1.040900000000000000e+04
1.016700000000000000e+04
9.933000000000000000e+03
9.704000000000000000e+03
9.482000000000000000e+03
9.265000000000000000e+03
9.053000000000000000e+03
8.845000000000000000e+03
8.641000000000000000e+03
8.440000000000000000e+03
8.241000000000000000e+03
8.045000000000000000e+03
7.850000000000000000e+03
7.659000000000000000e+03
7.466000000000000000e+03
7.275000000000000000e+03
7.086000000000000000e+03
6.895000000000000000e+03
6.702000000000000000e+03
inf
inf
inf
inf
inf
inf
inf
inf
inf
inf
inf
inf
inf
inf
inf
inf
inf
inf
inf
inf
inf
inf
inf
inf
inf
inf
inf
inf
inf
inf
inf
inf
inf
inf
inf
inf
inf
inf
inf
inf
inf
inf
inf
inf
inf
inf
inf
inf
inf
inf
inf
inf
inf
inf
inf
inf
inf
inf
inf
inf
inf
1.844600000000000000e+04
1.772100000000000000e+04
1.565900000000000000e+04
1.444300000000000000e+04
1.357400000000000000e+04
1.289500000000000000e+04
1.313000000000000000e+04
1.383900000000000000e+04
1.432400000000000000e+04
1.432400000000000000e+04
1.386500000000000000e+04
1.344300000000000000e+04
1.305200000000000000e+04
1.268700000000000000e+04
1.234400000000000000e+04
1.202100000000000000e+04
1.171500000000000000e+04
1.142400000000000000e+04
1.114500000000000000e+04
1.087900000000000000e+04
1.062200000000000000e+04
1.037600000000000000e+04
1.013600000000000000e+04
9.905000000000000000e+03
9.680000000000000000e+03
9.462000000000000000e+03
9.247000000000000000e+03
9.038000000000000000e+03
8.834000000000000000e+03
8.632000000000000000e+03
8.436000000000000000e+03
8.240000000000000000e+03
8.047000000000000000e+03
7.858000000000000000e+03
7.668000000000000000e+03
7.482000000000000000e+03
7.295000000000000000e+03
7.108000000000000000e+03
6.921000000000000000e+03
6.736000000000000000e+03
inf
inf
inf
inf
inf
inf
inf
inf
inf
inf
inf
inf
inf
inf
inf
inf
inf
inf
inf
inf
inf
inf
inf
inf
inf
inf
inf
inf
inf
inf
inf
inf
inf
inf
inf
inf
inf
inf
inf
inf
inf
inf
inf
inf
inf
inf
inf
inf
inf
inf
inf
inf
inf
inf
inf
inf
inf
inf
inf
inf
inf
1.843500000000000000e+04
1.761500000000000000e+04
1.556400000000000000e+04
1.435600000000000000e+04
1.349200000000000000e+04
1.281600000000000000e+04
1.226000000000000000e+04
1.346300000000000000e+04
1.408700000000000000e+04
1.421800000000000000e+04
1.377200000000000000e+04
1.335900000000000000e+04
1.297500000000000000e+04
1.261700000000000000e+04
1.228000000000000000e+04
1.196100000000000000e+04
1.165900000000000000e+04
1.137300000000000000e+04
1.109800000000000000e+04
1.083600000000000000e+04
1.058300000000000000e+04
1.033900000000000000e+04
1.010400000000000000e+04
9.875000000000000000e+03
9.654000000000000000e+03
9.438000000000000000e+03
9.228000000000000000e+03
9.022000000000000000e+03
8.821000000000000000e+03
8.623000000000000000e+03
8.428000000000000000e+03
8.238000000000000000e+03
8.048000000000000000e+03
7.861000000000000000e+03
7.677000000000000000e+03
7.493000000000000000e+03
7.310000000000000000e+03
7.128000000000000000e+03
6.945000000000000000e+03
6.765000000000000000e+03
6.581000000000000000e+03
inf
inf
inf
inf
inf
inf
inf
inf
inf
inf
inf
inf
inf
inf
inf
inf
inf
inf
inf
inf
inf
inf
inf
inf
inf
inf
inf
inf
inf
inf
inf
inf
inf
inf
inf
inf
inf
inf
inf
inf
inf
inf
inf
inf
inf
inf
inf
inf
inf
inf
inf
inf
inf
inf
inf
inf
inf
inf
inf
inf
1.842400000000000000e+04
1.750900000000000000e+04
1.547000000000000000e+04
1.426900000000000000e+04
1.341000000000000000e+04
1.273900000000000000e+04
1.218600000000000000e+04
1.171500000000000000e+04
1.374000000000000000e+04
1.410000000000000000e+04
1.367200000000000000e+04
1.327100000000000000e+04
1.289600000000000000e+04
1.254300000000000000e+04
1.221300000000000000e+04
1.190000000000000000e+04
1.160300000000000000e+04
1.132100000000000000e+04
1.105000000000000000e+04
1.079100000000000000e+04
1.054200000000000000e+04
1.030200000000000000e+04
1.007000000000000000e+04
9.844000000000000000e+03
9.626000000000000000e+03
9.413000000000000000e+03
9.206000000000000000e+03
9.004000000000000000e+03
8.805000000000000000e+03
8.611000000000000000e+03
8.420000000000000000e+03
8.231000000000000000e+03
8.045000000000000000e+03
7.862000000000000000e+03
7.680000000000000000e+03
7.501000000000000000e+03
7.321000000000000000e+03
7.145000000000000000e+03
6.967000000000000000e+03
6.788000000000000000e+03
6.612000000000000000e+03
6.432000000000000000e+03
inf
inf
inf
inf
inf
inf
inf
inf
inf
inf
inf
inf
inf
inf
inf
inf
inf
inf
inf
inf
inf
inf
inf
inf
inf
inf
inf
inf
inf
inf
inf
inf
inf
inf
inf
inf
inf
inf
inf
inf
inf
inf
inf
inf
inf
inf
inf
inf
inf
inf
inf
inf
inf
inf
inf
inf
inf
inf
inf
1.841300000000000000e+04
1.740400000000000000e+04
1.537700000000000000e+04
1.418200000000000000e+04
1.332800000000000000e+04
1.266100000000000000e+04
1.211200000000000000e+04
1.164400000000000000e+04
1.123500000000000000e+04
1.395300000000000000e+04
1.356000000000000000e+04
1.317500000000000000e+04
1.281100000000000000e+04
1.246700000000000000e+04
1.214300000000000000e+04
1.183500000000000000e+04
1.154400000000000000e+04
1.126600000000000000e+04
1.100000000000000000e+04
1.074400000000000000e+04
1.049900000000000000e+04
1.026200000000000000e+04
1.003400000000000000e+04
9.812000000000000000e+03
9.596000000000000000e+03
9.387000000000000000e+03
9.183000000000000000e+03
8.984000000000000000e+03
8.788000000000000000e+03
8.596000000000000000e+03
8.409000000000000000e+03
8.223000000000000000e+03
8.041000000000000000e+03
7.861000000000000000e+03
7.683000000000000000e+03
7.507000000000000000e+03
7.330000000000000000e+03
7.156000000000000000e+03
6.984000000000000000e+03
6.810000000000000000e+03
6.637000000000000000e+03
6.462000000000000000e+03
inf
inf
inf
inf
inf
inf
inf
inf
inf
inf
inf
inf
inf
inf
inf
inf
inf
inf
inf
inf
inf
inf
inf
inf
inf
inf
inf
inf
inf
inf
inf
inf
inf
inf
inf
inf
inf
inf
inf
inf
inf
inf
inf
inf
inf
inf
inf
inf
inf
inf
inf
inf
inf
inf
inf
inf
inf
inf
inf
1.840200000000000000e+04
1.729900000000000000e+04
1.528400000000000000e+04
1.409600000000000000e+04
1.324700000000000000e+04
1.258400000000000000e+04
1.203800000000000000e+04
1.157300000000000000e+04
1.116700000000000000e+04
1.080600000000000000e+04
1.342400000000000000e+04
1.307000000000000000e+04
1.272100000000000000e+04
1.238700000000000000e+04
1.207100000000000000e+04
1.176900000000000000e+04
1.148300000000000000e+04
1.120900000000000000e+04
1.094700000000000000e+04
1.069600000000000000e+04
1.045400000000000000e+04
1.022100000000000000e+04
9.996000000000000000e+03
9.777000000000000000e+03
9.565000000000000000e+03
9.358000000000000000e+03
9.158000000000000000e+03
8.961000000000000000e+03
8.769000000000000000e+03
8.580000000000000000e+03
8.395000000000000000e+03
8.214000000000000000e+03
8.034000000000000000e+03
7.857000000000000000e+03
7.682000000000000000e+03
7.510000000000000000e+03
7.337000000000000000e+03
7.167000000000000000e+03
6.997000000000000000e+03
6.826000000000000000e+03
6.658000000000000000e+03
6.490000000000000000e+03
6.319000000000000000e+03
inf
inf
inf
inf
inf
inf
inf
inf
inf
inf
inf
inf
inf
inf
inf
inf
inf
inf
inf
inf
inf
inf
inf
inf
inf
inf
inf
inf
inf
inf
inf
inf
inf
inf
inf
inf
inf
inf
inf
inf
inf
inf
inf
inf
inf
inf
inf
inf
inf
inf
inf
inf
inf
inf
inf
inf
inf
inf
1.839200000000000000e+04
1.720500000000000000e+04
1.519900000000000000e+04
1.401800000000000000e+04
1.317400000000000000e+04
1.251400000000000000e+04
1.197200000000000000e+04
1.150900000000000000e+04
1.110500000000000000e+04
1.074700000000000000e+04
1.042300000000000000e+04
1.295300000000000000e+04
1.262900000000000000e+04
1.230800000000000000e+04
1.200000000000000000e+04
1.170600000000000000e+04
1.142500000000000000e+04
1.115600000000000000e+04
1.089900000000000000e+04
1.065200000000000000e+04
1.041400000000000000e+04
1.018400000000000000e+04
9.962000000000000000e+03
9.746000000000000000e+03
9.537000000000000000e+03
9.334000000000000000e+03
9.136000000000000000e+03
8.942000000000000000e+03
8.753000000000000000e+03
8.567000000000000000e+03
8.385000000000000000e+03
8.205000000000000000e+03
8.029000000000000000e+03
7.855000000000000000e+03
7.683000000000000000e+03
7.512000000000000000e+03
7.343000000000000000e+03
7.177000000000000000e+03
7.012000000000000000e+03
6.845000000000000000e+03
6.680000000000000000e+03
6.514000000000000000e+03
6.349000000000000000e+03
6.182000000000000000e+03
inf
inf
inf
inf
inf
inf
inf
inf
inf
inf
inf
inf
inf
inf
inf
inf
inf
inf
inf
inf
inf
inf
inf
inf
inf
inf
inf
inf
inf
inf
inf
inf
inf
inf
inf
inf
inf
inf
inf
inf
inf
inf
inf
inf
inf
inf
inf
inf
inf
inf
inf
inf
inf
inf
inf
inf
inf
1.838100000000000000e+04
1.710100000000000000e+04
1.510700000000000000e+04
1.393300000000000000e+04
1.309400000000000000e+04
1.243800000000000000e+04
1.189900000000000000e+04
1.143900000000000000e+04
1.103800000000000000e+04
1.068200000000000000e+04
1.036000000000000000e+04
1.006700000000000000e+04
1.251000000000000000e+04
1.221300000000000000e+04
1.191800000000000000e+04
1.163200000000000000e+04
1.135800000000000000e+04
1.109500000000000000e+04
1.084300000000000000e+04
1.060000000000000000e+04
1.036600000000000000e+04
1.014000000000000000e+04
9.921000000000000000e+03
9.709000000000000000e+03
9.503000000000000000e+03
9.302000000000000000e+03
9.107000000000000000e+03
8.916000000000000000e+03
8.730000000000000000e+03
8.547000000000000000e+03
8.368000000000000000e+03
8.191000000000000000e+03
8.018000000000000000e+03
7.847000000000000000e+03
7.677000000000000000e+03
7.512000000000000000e+03
7.345000000000000000e+03
7.182000000000000000e+03
7.019000000000000000e+03
6.856000000000000000e+03
6.695000000000000000e+03
6.532000000000000000e+03
6.371000000000000000e+03
6.208000000000000000e+03
inf
inf
inf
inf
inf
inf
inf
inf
inf
inf
inf
inf
inf
inf
inf
inf
inf
inf
inf
inf
inf
inf
inf
inf
inf
inf
inf
inf
inf
inf
inf
inf
inf
inf
inf
inf
inf
inf
inf
inf
inf
inf
inf
inf
inf
inf
inf
inf
inf
inf
inf
inf
inf
inf
inf
inf
inf
1.837100000000000000e+04
1.700700000000000000e+04
1.502400000000000000e+04
1.385600000000000000e+04
1.302100000000000000e+04
1.236900000000000000e+04
1.183300000000000000e+04
1.137600000000000000e+04
1.097700000000000000e+04
1.062300000000000000e+04
1.030300000000000000e+04
1.001200000000000000e+04
9.744000000000000000e+03
1.211000000000000000e+04
1.183500000000000000e+04
1.156000000000000000e+04
1.129500000000000000e+04
1.103800000000000000e+04
1.079000000000000000e+04
1.055100000000000000e+04
1.032100000000000000e+04
1.009900000000000000e+04
9.883000000000000000e+03
9.675000000000000000e+03
9.471000000000000000e+03
9.274000000000000000e+03
9.081000000000000000e+03
8.894000000000000000e+03
8.710000000000000000e+03
8.531000000000000000e+03
8.353000000000000000e+03
8.180000000000000000e+03
8.009000000000000000e+03
7.841000000000000000e+03
7.674000000000000000e+03
7.511000000000000000e+03
7.348000000000000000e+03
7.186000000000000000e+03
7.026000000000000000e+03
6.867000000000000000e+03
6.709000000000000000e+03
6.550000000000000000e+03
6.393000000000000000e+03
6.235000000000000000e+03
6.076000000000000000e+03
inf
inf
inf
inf
inf
inf
inf
inf
inf
inf
inf
inf
inf
inf
inf
inf
inf
inf
inf
inf
inf
inf
inf
inf
inf
inf
inf
inf
inf
inf
inf
inf
inf
inf
inf
inf
inf
inf
inf
inf
inf
inf
inf
inf
inf
inf
inf
inf
inf
inf
inf
inf
inf
inf
inf
inf
1.836100000000000000e+04
1.691300000000000000e+04
1.494100000000000000e+04
1.377900000000000000e+04
1.294900000000000000e+04
1.230100000000000000e+04
1.176700000000000000e+04
1.131300000000000000e+04
1.091700000000000000e+04
1.056400000000000000e+04
1.024700000000000000e+04
9.957000000000000000e+03
9.691000000000000000e+03
9.444000000000000000e+03
1.173800000000000000e+04
1.148200000000000000e+04
1.122600000000000000e+04
1.097600000000000000e+04
1.073400000000000000e+04
1.050100000000000000e+04
1.027500000000000000e+04
1.005700000000000000e+04
9.845000000000000000e+03
9.639000000000000000e+03
9.439000000000000000e+03
9.245000000000000000e+03
9.055000000000000000e+03
8.870000000000000000e+03
8.689000000000000000e+03
8.512000000000000000e+03
8.338000000000000000e+03
8.167000000000000000e+03
7.998000000000000000e+03
7.833000000000000000e+03
7.668000000000000000e+03
7.507000000000000000e+03
7.348000000000000000e+03
7.190000000000000000e+03
7.032000000000000000e+03
6.876000000000000000e+03
6.722000000000000000e+03
6.566000000000000000e+03
6.412000000000000000e+03
6.258000000000000000e+03
6.102000000000000000e+03
5.947000000000000000e+03
inf
inf
inf
inf
inf
inf
inf
inf
inf
inf
inf
inf
inf
inf
inf
inf
inf
inf
inf
inf
inf
inf
inf
inf
inf
inf
inf
inf
inf
inf
inf
inf
inf
inf
inf
inf
inf
inf
inf
inf
inf
inf
inf
inf
inf
inf
inf
inf
inf
inf
inf
inf
inf
inf
inf
1.835100000000000000e+04
1.682000000000000000e+04
1.485800000000000000e+04
1.370300000000000000e+04
1.287700000000000000e+04
1.223300000000000000e+04
1.170200000000000000e+04
1.125000000000000000e+04
1.085600000000000000e+04
1.050600000000000000e+04
1.019100000000000000e+04
9.903000000000000000e+03
9.638000000000000000e+03
9.393000000000000000e+03
1.158000000000000000e+04
1.138900000000000000e+04
1.115000000000000000e+04
1.091000000000000000e+04
1.067600000000000000e+04
1.044800000000000000e+04
1.022600000000000000e+04
1.001200000000000000e+04
9.804000000000000000e+03
9.601000000000000000e+03
9.405000000000000000e+03
9.214000000000000000e+03
9.027000000000000000e+03
8.844000000000000000e+03
8.667000000000000000e+03
8.491000000000000000e+03
8.320000000000000000e+03
8.152000000000000000e+03
7.986000000000000000e+03
7.823000000000000000e+03
7.662000000000000000e+03
7.503000000000000000e+03
7.346000000000000000e+03
7.190000000000000000e+03
7.037000000000000000e+03
6.884000000000000000e+03
6.731000000000000000e+03
6.580000000000000000e+03
6.428000000000000000e+03
6.277000000000000000e+03
6.125000000000000000e+03
5.973000000000000000e+03
inf
inf
inf
inf
inf
inf
inf
inf
inf
inf
inf
inf
inf
inf
inf
inf
inf
inf
inf
inf
inf
inf
inf
inf
inf
inf
inf
inf
inf
inf
inf
inf
inf
inf
inf
inf
inf
inf
inf
inf
inf
inf
inf
inf
inf
inf
inf
inf
inf
inf
inf
inf
inf
inf
inf
1.834200000000000000e+04
1.673700000000000000e+04
1.478400000000000000e+04
1.363400000000000000e+04
1.281300000000000000e+04
1.217100000000000000e+04
1.164400000000000000e+04
1.119400000000000000e+04
1.080300000000000000e+04
1.045400000000000000e+04
1.014000000000000000e+04
9.854000000000000000e+03
9.591000000000000000e+03
9.347000000000000000e+03
9.120000000000000000e+03
1.126600000000000000e+04
1.107000000000000000e+04
1.084500000000000000e+04
1.061900000000000000e+04
1.039800000000000000e+04
1.018100000000000000e+04
9.971000000000000000e+03
9.766000000000000000e+03
9.567000000000000000e+03
9.374000000000000000e+03
9.186000000000000000e+03
9.001000000000000000e+03
8.822000000000000000e+03
8.646000000000000000e+03
8.474000000000000000e+03
8.305000000000000000e+03
8.139000000000000000e+03
7.976000000000000000e+03
7.815000000000000000e+03
7.657000000000000000e+03
7.500000000000000000e+03
7.346000000000000000e+03
7.194000000000000000e+03
7.042000000000000000e+03
6.891000000000000000e+03
6.741000000000000000e+03
6.593000000000000000e+03
6.443000000000000000e+03
6.296000000000000000e+03
6.149000000000000000e+03
5.999000000000000000e+03
5.850000000000000000e+03
inf
inf
inf
inf
inf
inf
inf
inf
inf
inf
inf
inf
inf
inf
inf
inf
inf
inf
inf
inf
inf
inf
inf
inf
inf
inf
inf
inf
inf
inf
inf
inf
inf
inf
inf
inf
inf
inf
inf
inf
inf
inf
inf
inf
inf
inf
inf
inf
inf
inf
inf
inf
inf
inf
1.833200000000000000e+04
1.664400000000000000e+04
1.470200000000000000e+04
1.355900000000000000e+04
1.274200000000000000e+04
1.210400000000000000e+04
1.157900000000000000e+04
1.113300000000000000e+04
1.074300000000000000e+04
1.039700000000000000e+04
1.008500000000000000e+04
9.801000000000000000e+03
9.539000000000000000e+03
9.297000000000000000e+03
9.071000000000000000e+03
8.858000000000000000e+03
1.095000000000000000e+04
1.076300000000000000e+04
1.055000000000000000e+04
1.033700000000000000e+04
1.012700000000000000e+04
9.922000000000000000e+03
9.722000000000000000e+03
9.527000000000000000e+03
9.337000000000000000e+03
9.151000000000000000e+03
8.971000000000000000e+03
8.794000000000000000e+03
8.621000000000000000e+03
8.451000000000000000e+03
8.284000000000000000e+03
8.121000000000000000e+03
7.960000000000000000e+03
7.803000000000000000e+03
7.647000000000000000e+03
7.493000000000000000e+03
7.340000000000000000e+03
7.190000000000000000e+03
7.042000000000000000e+03
6.893000000000000000e+03
6.747000000000000000e+03
6.600000000000000000e+03
6.456000000000000000e+03
6.310000000000000000e+03
6.165000000000000000e+03
6.020000000000000000e+03
5.874000000000000000e+03
5.728000000000000000e+03
inf
inf
inf
inf
inf
inf
inf
inf
inf
inf
inf
inf
inf
inf
inf
inf
inf
inf
inf
inf
inf
inf
inf
inf
inf
inf
inf
inf
inf
inf
inf
inf
inf
inf
inf
inf
inf
inf
inf
inf
inf
inf
inf
inf
inf
inf
inf
inf
inf
inf
inf
inf
inf
1.832300000000000000e+04
1.656200000000000000e+04
1.462900000000000000e+04
1.349100000000000000e+04
1.267800000000000000e+04
1.204300000000000000e+04
1.152200000000000000e+04
1.107700000000000000e+04
1.069000000000000000e+04
1.034500000000000000e+04
1.003500000000000000e+04
9.753000000000000000e+03
9.493000000000000000e+03
9.252000000000000000e+03
9.027000000000000000e+03
8.816000000000000000e+03
8.617000000000000000e+03
1.066000000000000000e+04
1.047900000000000000e+04
1.027800000000000000e+04
1.007500000000000000e+04
9.875000000000000000e+03
9.680000000000000000e+03
9.489000000000000000e+03
9.303000000000000000e+03
9.121000000000000000e+03
8.942000000000000000e+03
8.768000000000000000e+03
8.598000000000000000e+03
8.430000000000000000e+03
8.267000000000000000e+03
8.105000000000000000e+03
7.948000000000000000e+03
7.792000000000000000e+03
7.639000000000000000e+03
7.487000000000000000e+03
7.338000000000000000e+03
7.188000000000000000e+03
7.043000000000000000e+03
6.897000000000000000e+03
6.754000000000000000e+03
6.609000000000000000e+03
6.467000000000000000e+03
6.325000000000000000e+03
6.182000000000000000e+03
6.041000000000000000e+03
5.898000000000000000e+03
5.756000000000000000e+03
inf
inf
inf
inf
inf
inf
inf
inf
inf
inf
inf
inf
inf
inf
inf
inf
inf
inf
inf
inf
inf
inf
inf
inf
inf
inf
inf
inf
inf
inf
inf
inf
inf
inf
inf
inf
inf
inf
inf
inf
inf
inf
inf
inf
inf
inf
inf
inf
inf
inf
inf
inf
inf
1.831300000000000000e+04
1.647000000000000000e+04
1.454800000000000000e+04
1.341600000000000000e+04
1.260800000000000000e+04
1.197700000000000000e+04
1.145800000000000000e+04
1.101600000000000000e+04
1.063100000000000000e+04
1.028900000000000000e+04
9.980000000000000000e+03
9.699000000000000000e+03
9.441000000000000000e+03
9.202000000000000000e+03
8.978000000000000000e+03
8.769000000000000000e+03
8.571000000000000000e+03
8.384000000000000000e+03
1.037600000000000000e+04
1.020200000000000000e+04
1.001200000000000000e+04
9.820000000000000000e+03
9.630000000000000000e+03
9.444000000000000000e+03
9.261000000000000000e+03
9.083000000000000000e+03
8.908000000000000000e+03
8.736000000000000000e+03
8.569000000000000000e+03
8.405000000000000000e+03
8.244000000000000000e+03
8.085000000000000000e+03
7.929000000000000000e+03
7.776000000000000000e+03
7.624000000000000000e+03
7.476000000000000000e+03
7.329000000000000000e+03
7.183000000000000000e+03
7.039000000000000000e+03
6.896000000000000000e+03
6.755000000000000000e+03
6.613000000000000000e+03
6.473000000000000000e+03
6.334000000000000000e+03
6.196000000000000000e+03
6.056000000000000000e+03
5.916000000000000000e+03
5.777000000000000000e+03
5.637000000000000000e+03
inf
inf
inf
inf
inf
inf
inf
inf
inf
inf
inf
inf
inf
inf
inf
inf
inf
inf
inf
inf
inf
inf
inf
inf
inf
inf
inf
inf
inf
inf
inf
inf
inf
inf
inf
inf
inf
inf
inf
inf
inf
inf
inf
inf
inf
inf
inf
inf
inf
inf
inf
inf
1.830400000000000000e+04
1.638800000000000000e+04
1.447500000000000000e+04
1.334900000000000000e+04
1.254500000000000000e+04
1.191700000000000000e+04
1.140100000000000000e+04
1.096100000000000000e+04
1.057800000000000000e+04
1.023800000000000000e+04
9.931000000000000000e+03
9.652000000000000000e+03
9.395000000000000000e+03
9.157000000000000000e+03
8.935000000000000000e+03
8.727000000000000000e+03
8.531000000000000000e+03
8.345000000000000000e+03
8.168000000000000000e+03
1.011400000000000000e+04
9.946000000000000000e+03
9.765000000000000000e+03
9.582000000000000000e+03
9.401000000000000000e+03
9.223000000000000000e+03
9.048000000000000000e+03
8.876000000000000000e+03
8.708000000000000000e+03
8.543000000000000000e+03
8.382000000000000000e+03
8.223000000000000000e+03
8.067000000000000000e+03
7.914000000000000000e+03
7.762000000000000000e+03
7.614000000000000000e+03
7.467000000000000000e+03
7.322000000000000000e+03
7.179000000000000000e+03
7.036000000000000000e+03
6.897000000000000000e+03
6.756000000000000000e+03
6.618000000000000000e+03
6.481000000000000000e+03
6.343000000000000000e+03
6.208000000000000000e+03
6.071000000000000000e+03
5.934000000000000000e+03
5.799000000000000000e+03
5.662000000000000000e+03
5.524000000000000000e+03
inf
inf
inf
inf
inf
inf
inf
inf
inf
inf
inf
inf
inf
inf
inf
inf
inf
inf
inf
inf
inf
inf
inf
inf
inf
inf
inf
inf
inf
inf
inf
inf
inf
inf
inf
inf
inf
inf
inf
inf
inf
inf
inf
inf
inf
inf
inf
inf
inf
inf
inf
1.829500000000000000e+04
1.630700000000000000e+04
1.440300000000000000e+04
1.328200000000000000e+04
1.248200000000000000e+04
1.185700000000000000e+04
1.134400000000000000e+04
1.090700000000000000e+04
1.052600000000000000e+04
1.018700000000000000e+04
9.882000000000000000e+03
9.605000000000000000e+03
9.349000000000000000e+03
9.113000000000000000e+03
8.892000000000000000e+03
8.685000000000000000e+03
8.490000000000000000e+03
8.305000000000000000e+03
8.130000000000000000e+03
7.962000000000000000e+03
9.863000000000000000e+03
9.703000000000000000e+03
9.530000000000000000e+03
9.355000000000000000e+03
9.182000000000000000e+03
9.011000000000000000e+03
8.843000000000000000e+03
8.678000000000000000e+03
8.516000000000000000e+03
8.357000000000000000e+03
8.201000000000000000e+03
8.047000000000000000e+03
7.896000000000000000e+03
7.747000000000000000e+03
7.601000000000000000e+03
7.456000000000000000e+03
7.314000000000000000e+03
7.173000000000000000e+03
7.034000000000000000e+03
6.895000000000000000e+03
6.758000000000000000e+03
6.622000000000000000e+03
6.486000000000000000e+03
6.353000000000000000e+03
6.218000000000000000e+03
6.084000000000000000e+03
5.950000000000000000e+03
5.817000000000000000e+03
5.684000000000000000e+03
5.549000000000000000e+03
5.416000000000000000e+03
inf
inf
inf
inf
inf
inf
inf
inf
inf
inf
inf
inf
inf
inf
inf
inf
inf
inf
inf
inf
inf
inf
inf
inf
inf
inf
inf
inf
inf
inf
inf
inf
inf
inf
inf
inf
inf
inf
inf
inf
inf
inf
inf
inf
inf
inf
inf
inf
inf
inf
1.828600000000000000e+04
1.622500000000000000e+04
1.433100000000000000e+04
1.321600000000000000e+04
1.241900000000000000e+04
1.179800000000000000e+04
1.128700000000000000e+04
1.085200000000000000e+04
1.047300000000000000e+04
1.013700000000000000e+04
9.834000000000000000e+03
9.557000000000000000e+03
9.304000000000000000e+03
9.068000000000000000e+03
8.849000000000000000e+03
8.643000000000000000e+03
8.450000000000000000e+03
8.266000000000000000e+03
8.092000000000000000e+03
7.925000000000000000e+03
7.766000000000000000e+03
9.625000000000000000e+03
9.470000000000000000e+03
9.305000000000000000e+03
9.137000000000000000e+03
8.971000000000000000e+03
8.807000000000000000e+03
8.645000000000000000e+03
8.487000000000000000e+03
8.331000000000000000e+03
8.177000000000000000e+03
8.026000000000000000e+03
7.878000000000000000e+03
7.731000000000000000e+03
7.587000000000000000e+03
7.444000000000000000e+03
7.304000000000000000e+03
7.165000000000000000e+03
7.028000000000000000e+03
6.892000000000000000e+03
6.757000000000000000e+03
6.623000000000000000e+03
6.490000000000000000e+03
6.358000000000000000e+03
6.226000000000000000e+03
6.096000000000000000e+03
5.964000000000000000e+03
5.833000000000000000e+03
5.702000000000000000e+03
5.571000000000000000e+03
5.439000000000000000e+03
inf
inf
inf
inf
inf
inf
inf
inf
inf
inf
inf
inf
inf
inf
inf
inf
inf
inf
inf
inf
inf
inf
inf
inf
inf
inf
inf
inf
inf
inf
inf
inf
inf
inf
inf
inf
inf
inf
inf
inf
inf
inf
inf
inf
inf
inf
inf
inf
inf
inf
1.827700000000000000e+04
1.614400000000000000e+04
1.425900000000000000e+04
1.314900000000000000e+04
1.235700000000000000e+04
1.173900000000000000e+04
1.123100000000000000e+04
1.079800000000000000e+04
1.042100000000000000e+04
1.008700000000000000e+04
9.785000000000000000e+03
9.511000000000000000e+03
9.258000000000000000e+03
9.025000000000000000e+03
8.806000000000000000e+03
8.602000000000000000e+03
8.409000000000000000e+03
8.227000000000000000e+03
8.054000000000000000e+03
7.889000000000000000e+03
7.731000000000000000e+03
7.579000000000000000e+03
9.396000000000000000e+03
9.247000000000000000e+03
9.089000000000000000e+03
8.929000000000000000e+03
8.769000000000000000e+03
8.612000000000000000e+03
8.456000000000000000e+03
8.303000000000000000e+03
8.152000000000000000e+03
8.004000000000000000e+03
7.857000000000000000e+03
7.713000000000000000e+03
7.571000000000000000e+03
7.431000000000000000e+03
7.294000000000000000e+03
7.156000000000000000e+03
7.022000000000000000e+03
6.888000000000000000e+03
6.755000000000000000e+03
6.623000000000000000e+03
6.492000000000000000e+03
6.363000000000000000e+03
6.234000000000000000e+03
6.105000000000000000e+03
5.976000000000000000e+03
5.847000000000000000e+03
5.720000000000000000e+03
5.591000000000000000e+03
5.463000000000000000e+03
5.334000000000000000e+03
inf
inf
inf
inf
inf
inf
inf
inf
inf
inf
inf
inf
inf
inf
inf
inf
inf
inf
inf
inf
inf
inf
inf
inf
inf
inf
inf
inf
inf
inf
inf
inf
inf
inf
inf
inf
inf
inf
inf
inf
inf
inf
inf
inf
inf
inf
inf
inf
inf
1.826800000000000000e+04
1.606400000000000000e+04
1.418800000000000000e+04
1.308400000000000000e+04
1.229600000000000000e+04
1.168100000000000000e+04
1.117500000000000000e+04
1.074500000000000000e+04
1.037000000000000000e+04
1.003700000000000000e+04
9.737000000000000000e+03
9.464000000000000000e+03
9.213000000000000000e+03
8.981000000000000000e+03
8.764000000000000000e+03
8.561000000000000000e+03
8.369000000000000000e+03
8.188000000000000000e+03
8.016000000000000000e+03
7.852000000000000000e+03
7.695000000000000000e+03
7.545000000000000000e+03
7.400000000000000000e+03
9.177000000000000000e+03
9.034000000000000000e+03
8.882000000000000000e+03
8.729000000000000000e+03
8.575000000000000000e+03
8.424000000000000000e+03
8.274000000000000000e+03
8.125000000000000000e+03
7.980000000000000000e+03
7.836000000000000000e+03
7.694000000000000000e+03
7.554000000000000000e+03
7.417000000000000000e+03
7.281000000000000000e+03
7.146000000000000000e+03
7.013000000000000000e+03
6.881000000000000000e+03
6.751000000000000000e+03
6.622000000000000000e+03
6.493000000000000000e+03
6.365000000000000000e+03
6.239000000000000000e+03
6.112000000000000000e+03
5.986000000000000000e+03
5.860000000000000000e+03
5.734000000000000000e+03
5.609000000000000000e+03
5.483000000000000000e+03
5.357000000000000000e+03
5.229000000000000000e+03
inf
inf
inf
inf
inf
inf
inf
inf
inf
inf
inf
inf
inf
inf
inf
inf
inf
inf
inf
inf
inf
inf
inf
inf
inf
inf
inf
inf
inf
inf
inf
inf
inf
inf
inf
inf
inf
inf
inf
inf
inf
inf
inf
inf
inf
inf
inf
inf
1.826000000000000000e+04
1.599200000000000000e+04
1.412500000000000000e+04
1.302500000000000000e+04
1.224100000000000000e+04
1.162900000000000000e+04
1.112600000000000000e+04
1.069700000000000000e+04
1.032400000000000000e+04
9.993000000000000000e+03
9.695000000000000000e+03
9.423000000000000000e+03
9.173000000000000000e+03
8.942000000000000000e+03
8.727000000000000000e+03
8.524000000000000000e+03
8.334000000000000000e+03
8.154000000000000000e+03
7.983000000000000000e+03
7.820000000000000000e+03
7.664000000000000000e+03
7.514000000000000000e+03
7.370000000000000000e+03
7.232000000000000000e+03
8.974000000000000000e+03
8.835000000000000000e+03
8.689000000000000000e+03
8.541000000000000000e+03
8.393000000000000000e+03
8.247000000000000000e+03
8.102000000000000000e+03
7.959000000000000000e+03
7.817000000000000000e+03
7.678000000000000000e+03
7.541000000000000000e+03
7.405000000000000000e+03
7.271000000000000000e+03
7.138000000000000000e+03
7.007000000000000000e+03
6.878000000000000000e+03
6.749000000000000000e+03
6.621000000000000000e+03
6.495000000000000000e+03
6.369000000000000000e+03
6.245000000000000000e+03
6.119000000000000000e+03
5.997000000000000000e+03
5.873000000000000000e+03
5.749000000000000000e+03
5.626000000000000000e+03
5.502000000000000000e+03
5.377000000000000000e+03
5.255000000000000000e+03
inf
inf
inf
inf
inf
inf
inf
inf
inf
inf
inf
inf
inf
inf
inf
inf
inf
inf
inf
inf
inf
inf
inf
inf
inf
inf
inf
inf
inf
inf
inf
inf
inf
inf
inf
inf
inf
inf
inf
inf
inf
inf
inf
inf
inf
inf
inf
inf
1.825100000000000000e+04
1.591200000000000000e+04
1.405400000000000000e+04
1.296000000000000000e+04
1.218000000000000000e+04
1.157100000000000000e+04
1.107000000000000000e+04
1.064400000000000000e+04
1.027300000000000000e+04
9.944000000000000000e+03
9.647000000000000000e+03
9.377000000000000000e+03
9.129000000000000000e+03
8.899000000000000000e+03
8.685000000000000000e+03
8.484000000000000000e+03
8.294000000000000000e+03
8.115000000000000000e+03
7.945000000000000000e+03
7.783000000000000000e+03
7.628000000000000000e+03
7.480000000000000000e+03
7.337000000000000000e+03
7.200000000000000000e+03
7.067000000000000000e+03
8.772000000000000000e+03
8.638000000000000000e+03
8.498000000000000000e+03
8.355000000000000000e+03
8.212000000000000000e+03
8.071000000000000000e+03
7.931000000000000000e+03
7.793000000000000000e+03
7.656000000000000000e+03
7.521000000000000000e+03
7.388000000000000000e+03
7.256000000000000000e+03
7.126000000000000000e+03
6.997000000000000000e+03
6.869000000000000000e+03
6.743000000000000000e+03
6.617000000000000000e+03
6.493000000000000000e+03
6.369000000000000000e+03
6.246000000000000000e+03
6.124000000000000000e+03
6.003000000000000000e+03
5.882000000000000000e+03
5.761000000000000000e+03
5.638000000000000000e+03
5.518000000000000000e+03
5.396000000000000000e+03
5.276000000000000000e+03
5.153000000000000000e+03
inf
inf
inf
inf
inf
inf
inf
inf
inf
inf
inf
inf
inf
inf
inf
inf
inf
inf
inf
inf
inf
inf
inf
inf
inf
inf
inf
inf
inf
inf
inf
inf
inf
inf
inf
inf
inf
inf
inf
inf
inf
inf
inf
inf
inf
inf
inf
1.824300000000000000e+04
1.584200000000000000e+04
1.399100000000000000e+04
1.290300000000000000e+04
1.212600000000000000e+04
1.151900000000000000e+04
1.102100000000000000e+04
1.059700000000000000e+04
1.022800000000000000e+04
9.900000000000000000e+03
9.605000000000000000e+03
9.336000000000000000e+03
9.089000000000000000e+03
8.861000000000000000e+03
8.647000000000000000e+03
8.448000000000000000e+03
8.260000000000000000e+03
8.081000000000000000e+03
7.912000000000000000e+03
7.751000000000000000e+03
7.597000000000000000e+03
7.450000000000000000e+03
7.308000000000000000e+03
7.171000000000000000e+03
7.039000000000000000e+03
8.677000000000000000e+03
8.584000000000000000e+03
8.455000000000000000e+03
8.319000000000000000e+03
8.181000000000000000e+03
8.043000000000000000e+03
7.907000000000000000e+03
7.771000000000000000e+03
7.637000000000000000e+03
7.504000000000000000e+03
7.373000000000000000e+03
7.243000000000000000e+03
7.115000000000000000e+03
6.988000000000000000e+03
6.863000000000000000e+03
6.738000000000000000e+03
6.615000000000000000e+03
6.492000000000000000e+03
6.371000000000000000e+03
6.249000000000000000e+03
6.130000000000000000e+03
6.010000000000000000e+03
5.891000000000000000e+03
5.771000000000000000e+03
5.653000000000000000e+03
5.534000000000000000e+03
5.416000000000000000e+03
5.297000000000000000e+03
5.176000000000000000e+03
5.056000000000000000e+03
inf
inf
inf
inf
inf
inf
inf
inf
inf
inf
inf
inf
inf
inf
inf
inf
inf
inf
inf
inf
inf
inf
inf
inf
inf
inf
inf
inf
inf
inf
inf
inf
inf
inf
inf
inf
inf
inf
inf
inf
inf
inf
inf
inf
inf
inf
1.823400000000000000e+04
1.576300000000000000e+04
1.392100000000000000e+04
1.283800000000000000e+04
1.206500000000000000e+04
1.146200000000000000e+04
1.096600000000000000e+04
1.054500000000000000e+04
1.017700000000000000e+04
9.851000000000000000e+03
9.558000000000000000e+03
9.291000000000000000e+03
9.045000000000000000e+03
8.818000000000000000e+03
8.606000000000000000e+03
8.407000000000000000e+03
8.220000000000000000e+03
8.043000000000000000e+03
7.875000000000000000e+03
7.715000000000000000e+03
7.562000000000000000e+03
7.416000000000000000e+03
7.275000000000000000e+03
7.139000000000000000e+03
7.008000000000000000e+03
6.882000000000000000e+03
8.491000000000000000e+03
8.397000000000000000e+03
8.272000000000000000e+03
8.141000000000000000e+03
8.009000000000000000e+03
7.876000000000000000e+03
7.743000000000000000e+03
7.612000000000000000e+03
7.482000000000000000e+03
7.353000000000000000e+03
7.225000000000000000e+03
7.099000000000000000e+03
6.975000000000000000e+03
6.851000000000000000e+03
6.729000000000000000e+03
6.608000000000000000e+03
6.487000000000000000e+03
6.367000000000000000e+03
6.249000000000000000e+03
6.131000000000000000e+03
6.013000000000000000e+03
5.895000000000000000e+03
5.779000000000000000e+03
5.662000000000000000e+03
5.546000000000000000e+03
5.430000000000000000e+03
5.313000000000000000e+03
5.195000000000000000e+03
5.079000000000000000e+03
inf
inf
inf
inf
inf
inf
inf
inf
inf
inf
inf
inf
inf
inf
inf
inf
inf
inf
inf
inf
inf
inf
inf
inf
inf
inf
inf
inf
inf
inf
inf
inf
inf
inf
inf
inf
inf
inf
inf
inf
inf
inf
inf
inf
inf
inf
1.822600000000000000e+04
1.569300000000000000e+04
1.385900000000000000e+04
1.278100000000000000e+04
1.201100000000000000e+04
1.141100000000000000e+04
1.091800000000000000e+04
1.049800000000000000e+04
1.013300000000000000e+04
9.808000000000000000e+03
9.516000000000000000e+03
9.250000000000000000e+03
9.006000000000000000e+03
8.780000000000000000e+03
8.569000000000000000e+03
8.372000000000000000e+03
8.186000000000000000e+03
8.010000000000000000e+03
7.843000000000000000e+03
7.684000000000000000e+03
7.532000000000000000e+03
7.386000000000000000e+03
7.246000000000000000e+03
7.111000000000000000e+03
6.981000000000000000e+03
6.855000000000000000e+03
6.733000000000000000e+03
8.319000000000000000e+03
8.222000000000000000e+03
8.101000000000000000e+03
7.974000000000000000e+03
7.846000000000000000e+03
7.717000000000000000e+03
7.589000000000000000e+03
7.462000000000000000e+03
7.336000000000000000e+03
7.211000000000000000e+03
7.086000000000000000e+03
6.964000000000000000e+03
6.842000000000000000e+03
6.721000000000000000e+03
6.602000000000000000e+03
6.483000000000000000e+03
6.366000000000000000e+03
6.249000000000000000e+03
6.133000000000000000e+03
6.016000000000000000e+03
5.902000000000000000e+03
5.787000000000000000e+03
5.673000000000000000e+03
5.558000000000000000e+03
5.444000000000000000e+03
5.329000000000000000e+03
5.215000000000000000e+03
5.099000000000000000e+03
4.984000000000000000e+03
inf
inf
inf
inf
inf
inf
inf
inf
inf
inf
inf
inf
inf
inf
inf
inf
inf
inf
inf
inf
inf
inf
inf
inf
inf
inf
inf
inf
inf
inf
inf
inf
inf
inf
inf
inf
inf
inf
inf
inf
inf
inf
inf
inf
inf
1.821800000000000000e+04
1.562300000000000000e+04
1.379800000000000000e+04
1.272400000000000000e+04
1.195800000000000000e+04
1.136100000000000000e+04
1.087000000000000000e+04
1.045200000000000000e+04
1.008800000000000000e+04
9.765000000000000000e+03
9.475000000000000000e+03
9.210000000000000000e+03
8.967000000000000000e+03
8.742000000000000000e+03
8.533000000000000000e+03
8.336000000000000000e+03
8.151000000000000000e+03
7.976000000000000000e+03
7.810000000000000000e+03
7.652000000000000000e+03
7.501000000000000000e+03
7.356000000000000000e+03
7.217000000000000000e+03
7.083000000000000000e+03
6.954000000000000000e+03
6.829000000000000000e+03
6.708000000000000000e+03
6.590000000000000000e+03
8.151000000000000000e+03
8.054000000000000000e+03
7.937000000000000000e+03
7.814000000000000000e+03
7.689000000000000000e+03
7.564000000000000000e+03
7.440000000000000000e+03
7.316000000000000000e+03
7.194000000000000000e+03
7.072000000000000000e+03
6.951000000000000000e+03
6.832000000000000000e+03
6.713000000000000000e+03
6.595000000000000000e+03
6.479000000000000000e+03
6.363000000000000000e+03
6.248000000000000000e+03
6.133000000000000000e+03
6.019000000000000000e+03
5.906000000000000000e+03
5.793000000000000000e+03
5.681000000000000000e+03
5.568000000000000000e+03
5.457000000000000000e+03
5.344000000000000000e+03
5.232000000000000000e+03
5.119000000000000000e+03
5.006000000000000000e+03
4.891000000000000000e+03
inf
inf
inf
inf
inf
inf
inf
inf
inf
inf
inf
inf
inf
inf
inf
inf
inf
inf
inf
inf
inf
inf
inf
inf
inf
inf
inf
inf
inf
inf
inf
inf
inf
inf
inf
inf
inf
inf
inf
inf
inf
inf
inf
inf
1.821000000000000000e+04
1.555300000000000000e+04
1.373600000000000000e+04
1.266800000000000000e+04
1.190500000000000000e+04
1.131000000000000000e+04
1.082200000000000000e+04
1.040600000000000000e+04
1.004400000000000000e+04
9.723000000000000000e+03
9.433000000000000000e+03
9.170000000000000000e+03
8.929000000000000000e+03
8.705000000000000000e+03
8.496000000000000000e+03
8.301000000000000000e+03
8.117000000000000000e+03
7.943000000000000000e+03
7.778000000000000000e+03
7.621000000000000000e+03
7.470000000000000000e+03
7.326000000000000000e+03
7.188000000000000000e+03
7.055000000000000000e+03
6.926000000000000000e+03
6.802000000000000000e+03
6.682000000000000000e+03
6.565000000000000000e+03
6.452000000000000000e+03
7.988000000000000000e+03
7.891000000000000000e+03
7.777000000000000000e+03
7.658000000000000000e+03
7.537000000000000000e+03
7.416000000000000000e+03
7.296000000000000000e+03
7.175000000000000000e+03
7.056000000000000000e+03
6.937000000000000000e+03
6.820000000000000000e+03
6.703000000000000000e+03
6.588000000000000000e+03
6.473000000000000000e+03
6.359000000000000000e+03
6.245000000000000000e+03
6.133000000000000000e+03
6.021000000000000000e+03
5.909000000000000000e+03
5.798000000000000000e+03
5.688000000000000000e+03
5.578000000000000000e+03
5.467000000000000000e+03
5.357000000000000000e+03
5.247000000000000000e+03
5.136000000000000000e+03
5.025000000000000000e+03
4.914000000000000000e+03
inf
inf
inf
inf
inf
inf
inf
inf
inf
inf
inf
inf
inf
inf
inf
inf
inf
inf
inf
inf
inf
inf
inf
inf
inf
inf
inf
inf
inf
inf
inf
inf
inf
inf
inf
inf
inf
inf
inf
inf
inf
inf
inf
inf
1.820200000000000000e+04
1.548400000000000000e+04
1.367500000000000000e+04
1.261100000000000000e+04
1.185200000000000000e+04
1.126000000000000000e+04
1.077400000000000000e+04
1.036000000000000000e+04
1.000000000000000000e+04
9.680000000000000000e+03
9.392000000000000000e+03
9.131000000000000000e+03
8.890000000000000000e+03
8.668000000000000000e+03
8.460000000000000000e+03
8.266000000000000000e+03
8.083000000000000000e+03
7.910000000000000000e+03
7.746000000000000000e+03
7.589000000000000000e+03
7.440000000000000000e+03
7.297000000000000000e+03
7.159000000000000000e+03
7.027000000000000000e+03
6.899000000000000000e+03
6.776000000000000000e+03
6.657000000000000000e+03
6.541000000000000000e+03
6.428000000000000000e+03
6.319000000000000000e+03
7.829000000000000000e+03
7.734000000000000000e+03
7.623000000000000000e+03
7.507000000000000000e+03
7.390000000000000000e+03
7.273000000000000000e+03
7.155000000000000000e+03
7.038000000000000000e+03
6.922000000000000000e+03
6.807000000000000000e+03
6.692000000000000000e+03
6.579000000000000000e+03
6.466000000000000000e+03
6.353000000000000000e+03
6.242000000000000000e+03
6.132000000000000000e+03
6.021000000000000000e+03
5.912000000000000000e+03
5.802000000000000000e+03
5.694000000000000000e+03
5.585000000000000000e+03
5.477000000000000000e+03
5.369000000000000000e+03
5.260000000000000000e+03
5.153000000000000000e+03
5.044000000000000000e+03
4.934000000000000000e+03
4.825000000000000000e+03
inf
inf
inf
inf
inf
inf
inf
inf
inf
inf
inf
inf
inf
inf
inf
inf
inf
inf
inf
inf
inf
inf
inf
inf
inf
inf
inf
inf
inf
inf
inf
inf
inf
inf
inf
inf
inf
inf
inf
inf
inf
inf
inf
1.819400000000000000e+04
1.541500000000000000e+04
1.361400000000000000e+04
1.255500000000000000e+04
1.180000000000000000e+04
1.121000000000000000e+04
1.072600000000000000e+04
1.031500000000000000e+04
9.956000000000000000e+03
9.638000000000000000e+03
9.352000000000000000e+03
9.091000000000000000e+03
8.852000000000000000e+03
8.630000000000000000e+03
8.424000000000000000e+03
8.231000000000000000e+03
8.049000000000000000e+03
7.877000000000000000e+03
7.714000000000000000e+03
7.558000000000000000e+03
7.410000000000000000e+03
7.267000000000000000e+03
7.131000000000000000e+03
6.999000000000000000e+03
6.872000000000000000e+03
6.750000000000000000e+03
6.631000000000000000e+03
6.516000000000000000e+03
6.404000000000000000e+03
6.296000000000000000e+03
6.190000000000000000e+03
7.675000000000000000e+03
7.581000000000000000e+03
7.474000000000000000e+03
7.361000000000000000e+03
7.247000000000000000e+03
7.134000000000000000e+03
7.019000000000000000e+03
6.906000000000000000e+03
6.793000000000000000e+03
6.680000000000000000e+03
6.568000000000000000e+03
6.457000000000000000e+03
6.347000000000000000e+03
6.238000000000000000e+03
6.128000000000000000e+03
6.020000000000000000e+03
5.912000000000000000e+03
5.805000000000000000e+03
5.698000000000000000e+03
5.591000000000000000e+03
5.485000000000000000e+03
5.379000000000000000e+03
5.273000000000000000e+03
5.166000000000000000e+03
5.059000000000000000e+03
4.952000000000000000e+03
4.846000000000000000e+03
4.737000000000000000e+03
inf
inf
inf
inf
inf
inf
inf
inf
inf
inf
inf
inf
inf
inf
inf
inf
inf
inf
inf
inf
inf
inf
inf
inf
inf
inf
inf
inf
inf
inf
inf
inf
inf
inf
inf
inf
inf
inf
inf
inf
inf
inf
1.818600000000000000e+04
1.534700000000000000e+04
1.355400000000000000e+04
1.249900000000000000e+04
1.174700000000000000e+04
1.116100000000000000e+04
1.067900000000000000e+04
1.026900000000000000e+04
9.912000000000000000e+03
9.596000000000000000e+03
9.311000000000000000e+03
9.052000000000000000e+03
8.814000000000000000e+03
8.594000000000000000e+03
8.388000000000000000e+03
8.196000000000000000e+03
8.015000000000000000e+03
7.844000000000000000e+03
7.682000000000000000e+03
7.527000000000000000e+03
7.380000000000000000e+03
7.238000000000000000e+03
7.102000000000000000e+03
6.972000000000000000e+03
6.846000000000000000e+03
6.724000000000000000e+03
6.606000000000000000e+03
6.492000000000000000e+03
6.381000000000000000e+03
6.273000000000000000e+03
6.167000000000000000e+03
6.065000000000000000e+03
7.526000000000000000e+03
7.434000000000000000e+03
7.329000000000000000e+03
7.220000000000000000e+03
7.110000000000000000e+03
6.998000000000000000e+03
6.888000000000000000e+03
6.777000000000000000e+03
6.666000000000000000e+03
6.556000000000000000e+03
6.447000000000000000e+03
6.340000000000000000e+03
6.232000000000000000e+03
6.124000000000000000e+03
6.018000000000000000e+03
5.912000000000000000e+03
5.806000000000000000e+03
5.701000000000000000e+03
5.596000000000000000e+03
5.492000000000000000e+03
5.387000000000000000e+03
5.283000000000000000e+03
5.177000000000000000e+03
5.074000000000000000e+03
4.969000000000000000e+03
4.864000000000000000e+03
4.758000000000000000e+03
inf
inf
inf
inf
inf
inf
inf
inf
inf
inf
inf
inf
inf
inf
inf
inf
inf
inf
inf
inf
inf
inf
inf
inf
inf
inf
inf
inf
inf
inf
inf
inf
inf
inf
inf
inf
inf
inf
inf
inf
inf
inf
1.817800000000000000e+04
1.527800000000000000e+04
1.349400000000000000e+04
1.244400000000000000e+04
1.169500000000000000e+04
1.111100000000000000e+04
1.063200000000000000e+04
1.022400000000000000e+04
9.869000000000000000e+03
9.554000000000000000e+03
9.271000000000000000e+03
9.013000000000000000e+03
8.776000000000000000e+03
8.557000000000000000e+03
8.353000000000000000e+03
8.162000000000000000e+03
7.982000000000000000e+03
7.811000000000000000e+03
7.650000000000000000e+03
7.496000000000000000e+03
7.350000000000000000e+03
7.209000000000000000e+03
7.074000000000000000e+03
6.944000000000000000e+03
6.819000000000000000e+03
6.698000000000000000e+03
6.581000000000000000e+03
6.467000000000000000e+03
6.357000000000000000e+03
6.250000000000000000e+03
6.145000000000000000e+03
6.043000000000000000e+03
5.944000000000000000e+03
7.381000000000000000e+03
7.291000000000000000e+03
7.188000000000000000e+03
7.083000000000000000e+03
6.975000000000000000e+03
6.867000000000000000e+03
6.759000000000000000e+03
6.651000000000000000e+03
6.544000000000000000e+03
6.436000000000000000e+03
6.330000000000000000e+03
6.224000000000000000e+03
6.119000000000000000e+03
6.014000000000000000e+03
5.910000000000000000e+03
5.806000000000000000e+03
5.702000000000000000e+03
5.599000000000000000e+03
5.496000000000000000e+03
5.394000000000000000e+03
5.291000000000000000e+03
5.189000000000000000e+03
5.087000000000000000e+03
4.984000000000000000e+03
4.880000000000000000e+03
4.777000000000000000e+03
4.672000000000000000e+03
inf
inf
inf
inf
inf
inf
inf
inf
inf
inf
inf
inf
inf
inf
inf
inf
inf
inf
inf
inf
inf
inf
inf
inf
inf
inf
inf
inf
inf
inf
inf
inf
inf
inf
inf
inf
inf
inf
inf
inf
inf
1.817000000000000000e+04
1.521100000000000000e+04
1.343400000000000000e+04
1.238900000000000000e+04
1.164300000000000000e+04
1.106200000000000000e+04
1.058500000000000000e+04
1.017900000000000000e+04
9.826000000000000000e+03
9.512000000000000000e+03
9.230000000000000000e+03
8.974000000000000000e+03
8.738000000000000000e+03
8.520000000000000000e+03
8.317000000000000000e+03
8.127000000000000000e+03
7.948000000000000000e+03
7.779000000000000000e+03
7.618000000000000000e+03
7.466000000000000000e+03
7.320000000000000000e+03
7.180000000000000000e+03
7.046000000000000000e+03
6.917000000000000000e+03
6.792000000000000000e+03
6.672000000000000000e+03
6.556000000000000000e+03
6.443000000000000000e+03
6.333000000000000000e+03
6.227000000000000000e+03
6.123000000000000000e+03
6.022000000000000000e+03
5.923000000000000000e+03
5.827000000000000000e+03
7.240000000000000000e+03
7.152000000000000000e+03
7.052000000000000000e+03
6.949000000000000000e+03
6.845000000000000000e+03
6.740000000000000000e+03
6.634000000000000000e+03
6.529000000000000000e+03
6.424000000000000000e+03
6.320000000000000000e+03
6.216000000000000000e+03
6.113000000000000000e+03
6.009000000000000000e+03
5.907000000000000000e+03
5.805000000000000000e+03
5.703000000000000000e+03
5.601000000000000000e+03
5.501000000000000000e+03
5.400000000000000000e+03
5.299000000000000000e+03
5.198000000000000000e+03
5.097000000000000000e+03
4.996000000000000000e+03
4.896000000000000000e+03
4.794000000000000000e+03
4.693000000000000000e+03
4.591000000000000000e+03
inf
inf
inf
inf
inf
inf
inf
inf
inf
inf
inf
inf
inf
inf
inf
inf
inf
inf
inf
inf
inf
inf
inf
inf
inf
inf
inf
inf
inf
inf
inf
inf
inf
inf
inf
inf
inf
inf
inf
inf
1.816300000000000000e+04
1.515100000000000000e+04
1.338100000000000000e+04
1.234100000000000000e+04
1.159800000000000000e+04
1.102000000000000000e+04
1.054400000000000000e+04
1.014000000000000000e+04
9.788000000000000000e+03
9.476000000000000000e+03
9.195000000000000000e+03
8.940000000000000000e+03
8.706000000000000000e+03
8.489000000000000000e+03
8.286000000000000000e+03
8.097000000000000000e+03
7.919000000000000000e+03
7.751000000000000000e+03
7.591000000000000000e+03
7.439000000000000000e+03
7.294000000000000000e+03
7.155000000000000000e+03
7.021000000000000000e+03
6.893000000000000000e+03
6.769000000000000000e+03
6.650000000000000000e+03
6.534000000000000000e+03
6.422000000000000000e+03
6.313000000000000000e+03
6.207000000000000000e+03
6.104000000000000000e+03
6.003000000000000000e+03
5.905000000000000000e+03
5.809000000000000000e+03
5.716000000000000000e+03
7.109000000000000000e+03
7.021000000000000000e+03
6.925000000000000000e+03
6.824000000000000000e+03
6.722000000000000000e+03
6.619000000000000000e+03
6.517000000000000000e+03
6.414000000000000000e+03
6.312000000000000000e+03
6.209000000000000000e+03
6.107000000000000000e+03
6.006000000000000000e+03
5.906000000000000000e+03
5.804000000000000000e+03
5.705000000000000000e+03
5.604000000000000000e+03
5.505000000000000000e+03
5.406000000000000000e+03
5.307000000000000000e+03
5.208000000000000000e+03
5.109000000000000000e+03
5.010000000000000000e+03
4.910000000000000000e+03
4.812000000000000000e+03
4.712000000000000000e+03
4.612000000000000000e+03
inf
inf
inf
inf
inf
inf
inf
inf
inf
inf
inf
inf
inf
inf
inf
inf
inf
inf
inf
inf
inf
inf
inf
inf
inf
inf
inf
inf
inf
inf
inf
inf
inf
inf
inf
inf
inf
inf
inf
inf
1.815500000000000000e+04
1.508400000000000000e+04
1.332200000000000000e+04
1.228600000000000000e+04
1.154700000000000000e+04
1.097100000000000000e+04
1.049800000000000000e+04
1.009600000000000000e+04
9.746000000000000000e+03
9.435000000000000000e+03
9.156000000000000000e+03
8.902000000000000000e+03
8.668000000000000000e+03
8.452000000000000000e+03
8.251000000000000000e+03
8.063000000000000000e+03
7.886000000000000000e+03
7.719000000000000000e+03
7.560000000000000000e+03
7.409000000000000000e+03
7.264000000000000000e+03
7.126000000000000000e+03
6.993000000000000000e+03
6.866000000000000000e+03
6.743000000000000000e+03
6.624000000000000000e+03
6.509000000000000000e+03
6.398000000000000000e+03
6.289000000000000000e+03
6.184000000000000000e+03
6.082000000000000000e+03
5.982000000000000000e+03
5.885000000000000000e+03
5.790000000000000000e+03
5.697000000000000000e+03
5.605000000000000000e+03
6.976000000000000000e+03
6.891000000000000000e+03
6.796000000000000000e+03
6.699000000000000000e+03
6.599000000000000000e+03
6.499000000000000000e+03
6.399000000000000000e+03
6.298000000000000000e+03
6.198000000000000000e+03
6.098000000000000000e+03
5.999000000000000000e+03
5.900000000000000000e+03
5.802000000000000000e+03
5.703000000000000000e+03
5.605000000000000000e+03
5.507000000000000000e+03
5.410000000000000000e+03
5.312000000000000000e+03
5.214000000000000000e+03
5.117000000000000000e+03
5.020000000000000000e+03
4.922000000000000000e+03
4.825000000000000000e+03
4.727000000000000000e+03
4.630000000000000000e+03
4.532000000000000000e+03
inf
inf
inf
inf
inf
inf
inf
inf
inf
inf
inf
inf
inf
inf
inf
inf
inf
inf
inf
inf
inf
inf
inf
inf
inf
inf
inf
inf
inf
inf
inf
inf
inf
inf
inf
inf
inf
inf
inf
1.814800000000000000e+04
1.502500000000000000e+04
1.327000000000000000e+04
1.223800000000000000e+04
1.150200000000000000e+04
1.092900000000000000e+04
1.045700000000000000e+04
1.005700000000000000e+04
9.708000000000000000e+03
9.399000000000000000e+03
9.121000000000000000e+03
8.868000000000000000e+03
8.636000000000000000e+03
8.421000000000000000e+03
8.221000000000000000e+03
8.033000000000000000e+03
7.857000000000000000e+03
7.691000000000000000e+03
7.533000000000000000e+03
7.382000000000000000e+03
7.238000000000000000e+03
7.101000000000000000e+03
6.969000000000000000e+03
6.842000000000000000e+03
6.720000000000000000e+03
6.602000000000000000e+03
6.487000000000000000e+03
6.377000000000000000e+03
6.269000000000000000e+03
6.165000000000000000e+03
6.063000000000000000e+03
5.964000000000000000e+03
5.867000000000000000e+03
5.772000000000000000e+03
5.680000000000000000e+03
5.589000000000000000e+03
5.501000000000000000e+03
6.852000000000000000e+03
6.767000000000000000e+03
6.675000000000000000e+03
6.580000000000000000e+03
6.483000000000000000e+03
6.385000000000000000e+03
6.287000000000000000e+03
6.189000000000000000e+03
6.091000000000000000e+03
5.993000000000000000e+03
5.896000000000000000e+03
5.799000000000000000e+03
5.702000000000000000e+03
5.606000000000000000e+03
5.509000000000000000e+03
5.413000000000000000e+03
5.318000000000000000e+03
5.222000000000000000e+03
5.126000000000000000e+03
5.030000000000000000e+03
4.935000000000000000e+03
4.839000000000000000e+03
4.743000000000000000e+03
4.647000000000000000e+03
4.550000000000000000e+03
4.453000000000000000e+03
inf
inf
inf
inf
inf
inf
inf
inf
inf
inf
inf
inf
inf
inf
inf
inf
inf
inf
inf
inf
inf
inf
inf
inf
inf
inf
inf
inf
inf
inf
inf
inf
inf
inf
inf
inf
inf
inf
1.814000000000000000e+04
1.495900000000000000e+04
1.321100000000000000e+04
1.218400000000000000e+04
1.145200000000000000e+04
1.088100000000000000e+04
1.041200000000000000e+04
1.001300000000000000e+04
9.666000000000000000e+03
9.358000000000000000e+03
9.082000000000000000e+03
8.830000000000000000e+03
8.599000000000000000e+03
8.385000000000000000e+03
8.186000000000000000e+03
8.000000000000000000e+03
7.824000000000000000e+03
7.659000000000000000e+03
7.502000000000000000e+03
7.352000000000000000e+03
7.209000000000000000e+03
7.073000000000000000e+03
6.941000000000000000e+03
6.815000000000000000e+03
6.694000000000000000e+03
6.576000000000000000e+03
6.463000000000000000e+03
6.353000000000000000e+03
6.246000000000000000e+03
6.142000000000000000e+03
6.041000000000000000e+03
5.943000000000000000e+03
5.846000000000000000e+03
5.753000000000000000e+03
5.661000000000000000e+03
5.571000000000000000e+03
5.483000000000000000e+03
5.397000000000000000e+03
6.726000000000000000e+03
6.644000000000000000e+03
6.554000000000000000e+03
6.461000000000000000e+03
6.366000000000000000e+03
6.271000000000000000e+03
6.175000000000000000e+03
6.079000000000000000e+03
5.983000000000000000e+03
5.888000000000000000e+03
5.793000000000000000e+03
5.698000000000000000e+03
5.603000000000000000e+03
5.508000000000000000e+03
5.414000000000000000e+03
5.320000000000000000e+03
5.226000000000000000e+03
5.132000000000000000e+03
5.038000000000000000e+03
4.944000000000000000e+03
4.850000000000000000e+03
4.756000000000000000e+03
4.662000000000000000e+03
4.566000000000000000e+03
4.472000000000000000e+03
inf
inf
inf
inf
inf
inf
inf
inf
inf
inf
inf
inf
inf
inf
inf
inf
inf
inf
inf
inf
inf
inf
inf
inf
inf
inf
inf
inf
inf
inf
inf
inf
inf
inf
inf
inf
inf
inf
1.813300000000000000e+04
1.490000000000000000e+04
1.316000000000000000e+04
1.213700000000000000e+04
1.140700000000000000e+04
1.083900000000000000e+04
1.037200000000000000e+04
9.975000000000000000e+03
9.629000000000000000e+03
9.323000000000000000e+03
9.047000000000000000e+03
8.797000000000000000e+03
8.567000000000000000e+03
8.354000000000000000e+03
8.156000000000000000e+03
7.970000000000000000e+03
7.796000000000000000e+03
7.631000000000000000e+03
7.475000000000000000e+03
7.326000000000000000e+03
7.184000000000000000e+03
7.048000000000000000e+03
6.917000000000000000e+03
6.792000000000000000e+03
6.671000000000000000e+03
6.554000000000000000e+03
6.441000000000000000e+03
6.332000000000000000e+03
6.226000000000000000e+03
6.122000000000000000e+03
6.022000000000000000e+03
5.924000000000000000e+03
5.829000000000000000e+03
5.735000000000000000e+03
5.644000000000000000e+03
5.555000000000000000e+03
5.468000000000000000e+03
5.382000000000000000e+03
6.657000000000000000e+03
6.608000000000000000e+03
6.528000000000000000e+03
6.440000000000000000e+03
6.349000000000000000e+03
6.256000000000000000e+03
6.163000000000000000e+03
6.069000000000000000e+03
5.975000000000000000e+03
5.882000000000000000e+03
5.788000000000000000e+03
5.694000000000000000e+03
5.602000000000000000e+03
5.509000000000000000e+03
5.416000000000000000e+03
5.323000000000000000e+03
5.231000000000000000e+03
5.138000000000000000e+03
5.046000000000000000e+03
4.954000000000000000e+03
4.860000000000000000e+03
4.768000000000000000e+03
4.676000000000000000e+03
4.583000000000000000e+03
4.489000000000000000e+03
4.396000000000000000e+03
inf
inf
inf
inf
inf
inf
inf
inf
inf
inf
inf
inf
inf
inf
inf
inf
inf
inf
inf
inf
inf
inf
inf
inf
inf
inf
inf
inf
inf
inf
inf
inf
inf
inf
inf
inf
inf
1.812600000000000000e+04
1.484300000000000000e+04
1.310900000000000000e+04
1.209000000000000000e+04
1.136300000000000000e+04
1.079700000000000000e+04
1.033200000000000000e+04
9.937000000000000000e+03
9.593000000000000000e+03
9.287000000000000000e+03
9.013000000000000000e+03
8.764000000000000000e+03
8.535000000000000000e+03
8.323000000000000000e+03
8.126000000000000000e+03
7.941000000000000000e+03
7.767000000000000000e+03
7.603000000000000000e+03
7.448000000000000000e+03
7.300000000000000000e+03
7.158000000000000000e+03
7.023000000000000000e+03
6.893000000000000000e+03
6.768000000000000000e+03
6.648000000000000000e+03
6.532000000000000000e+03
6.420000000000000000e+03
6.311000000000000000e+03
6.205000000000000000e+03
6.103000000000000000e+03
6.003000000000000000e+03
5.906000000000000000e+03
5.811000000000000000e+03
5.718000000000000000e+03
5.628000000000000000e+03
5.539000000000000000e+03
5.452000000000000000e+03
5.367000000000000000e+03
5.283000000000000000e+03
6.549000000000000000e+03
6.494000000000000000e+03
6.414000000000000000e+03
6.328000000000000000e+03
6.239000000000000000e+03
6.149000000000000000e+03
6.058000000000000000e+03
5.966000000000000000e+03
5.874000000000000000e+03
5.782000000000000000e+03
5.690000000000000000e+03
5.599000000000000000e+03
5.507000000000000000e+03
5.416000000000000000e+03
5.325000000000000000e+03
5.234000000000000000e+03
5.143000000000000000e+03
5.052000000000000000e+03
4.962000000000000000e+03
4.871000000000000000e+03
4.780000000000000000e+03
4.689000000000000000e+03
4.598000000000000000e+03
4.505000000000000000e+03
4.415000000000000000e+03
4.322000000000000000e+03
inf
inf
inf
inf
inf
inf
inf
inf
inf
inf
inf
inf
inf
inf
inf
inf
inf
inf
inf
inf
inf
inf
inf
inf
inf
inf
inf
inf
inf
inf
inf
inf
inf
inf
inf
inf
1.811800000000000000e+04
1.477700000000000000e+04
1.305100000000000000e+04
1.203600000000000000e+04
1.131300000000000000e+04
1.074900000000000000e+04
1.028700000000000000e+04
9.893000000000000000e+03
9.551000000000000000e+03
9.247000000000000000e+03
8.974000000000000000e+03
8.726000000000000000e+03
8.498000000000000000e+03
8.288000000000000000e+03
8.091000000000000000e+03
7.908000000000000000e+03
7.735000000000000000e+03
7.572000000000000000e+03
7.417000000000000000e+03
7.270000000000000000e+03
7.129000000000000000e+03
6.995000000000000000e+03
6.866000000000000000e+03
6.742000000000000000e+03
6.622000000000000000e+03
6.507000000000000000e+03
6.395000000000000000e+03
6.287000000000000000e+03
6.182000000000000000e+03
6.080000000000000000e+03
5.981000000000000000e+03
5.885000000000000000e+03
5.791000000000000000e+03
5.699000000000000000e+03
5.609000000000000000e+03
5.521000000000000000e+03
5.435000000000000000e+03
5.350000000000000000e+03
5.267000000000000000e+03
5.186000000000000000e+03
6.432000000000000000e+03
6.378000000000000000e+03
6.300000000000000000e+03
6.216000000000000000e+03
6.130000000000000000e+03
6.041000000000000000e+03
5.952000000000000000e+03
5.862000000000000000e+03
5.773000000000000000e+03
5.682000000000000000e+03
5.593000000000000000e+03
5.503000000000000000e+03
5.414000000000000000e+03
5.324000000000000000e+03
5.235000000000000000e+03
5.145000000000000000e+03
5.056000000000000000e+03
4.968000000000000000e+03
4.878000000000000000e+03
4.790000000000000000e+03
4.699000000000000000e+03
4.610000000000000000e+03
4.520000000000000000e+03
4.430000000000000000e+03
4.340000000000000000e+03
inf
inf
inf
inf
inf
inf
inf
inf
inf
inf
inf
inf
inf
inf
inf
inf
inf
inf
inf
inf
inf
inf
inf
inf
inf
inf
inf
inf
inf
inf
inf
inf
inf
inf
inf
inf
1.811100000000000000e+04
1.471900000000000000e+04
1.300000000000000000e+04
1.199000000000000000e+04
1.126900000000000000e+04
1.070800000000000000e+04
1.024700000000000000e+04
9.855000000000000000e+03
9.515000000000000000e+03
9.212000000000000000e+03
8.940000000000000000e+03
8.693000000000000000e+03
8.467000000000000000e+03
8.257000000000000000e+03
8.062000000000000000e+03
7.879000000000000000e+03
7.707000000000000000e+03
7.545000000000000000e+03
7.391000000000000000e+03
7.244000000000000000e+03
7.104000000000000000e+03
6.970000000000000000e+03
6.842000000000000000e+03
6.719000000000000000e+03
6.600000000000000000e+03
6.485000000000000000e+03
6.374000000000000000e+03
6.267000000000000000e+03
6.162000000000000000e+03
6.061000000000000000e+03
5.962000000000000000e+03
5.866000000000000000e+03
5.773000000000000000e+03
5.681000000000000000e+03
5.592000000000000000e+03
5.505000000000000000e+03
5.419000000000000000e+03
5.335000000000000000e+03
5.253000000000000000e+03
5.172000000000000000e+03
5.093000000000000000e+03
6.326000000000000000e+03
6.269000000000000000e+03
6.193000000000000000e+03
6.111000000000000000e+03
6.025000000000000000e+03
5.939000000000000000e+03
5.852000000000000000e+03
5.764000000000000000e+03
5.676000000000000000e+03
5.588000000000000000e+03
5.500000000000000000e+03
5.412000000000000000e+03
5.324000000000000000e+03
5.237000000000000000e+03
5.149000000000000000e+03
5.061000000000000000e+03
4.973000000000000000e+03
4.886000000000000000e+03
4.798000000000000000e+03
4.710000000000000000e+03
4.622000000000000000e+03
4.533000000000000000e+03
4.446000000000000000e+03
4.356000000000000000e+03
4.267000000000000000e+03
inf
inf
inf
inf
inf
inf
inf
inf
inf
inf
inf
inf
inf
inf
inf
inf
inf
inf
inf
inf
inf
inf
inf
inf
inf
inf
inf
inf
inf
inf
inf
inf
inf
inf
inf
1.810400000000000000e+04
1.466200000000000000e+04
1.295000000000000000e+04
1.194300000000000000e+04
1.122600000000000000e+04
1.066700000000000000e+04
1.020800000000000000e+04
9.818000000000000000e+03
9.478000000000000000e+03
9.177000000000000000e+03
8.907000000000000000e+03
8.661000000000000000e+03
8.435000000000000000e+03
8.226000000000000000e+03
8.032000000000000000e+03
7.850000000000000000e+03
7.679000000000000000e+03
7.517000000000000000e+03
7.364000000000000000e+03
7.218000000000000000e+03
7.079000000000000000e+03
6.946000000000000000e+03
6.818000000000000000e+03
6.696000000000000000e+03
6.577000000000000000e+03
6.463000000000000000e+03
6.353000000000000000e+03
6.246000000000000000e+03
6.142000000000000000e+03
6.042000000000000000e+03
5.944000000000000000e+03
5.848000000000000000e+03
5.755000000000000000e+03
5.664000000000000000e+03
5.576000000000000000e+03
5.489000000000000000e+03
5.404000000000000000e+03
5.320000000000000000e+03
5.239000000000000000e+03
5.158000000000000000e+03
5.079000000000000000e+03
5.002000000000000000e+03
6.220000000000000000e+03
6.163000000000000000e+03
6.088000000000000000e+03
6.007000000000000000e+03
5.925000000000000000e+03
5.840000000000000000e+03
5.754000000000000000e+03
5.669000000000000000e+03
5.582000000000000000e+03
5.496000000000000000e+03
5.409000000000000000e+03
5.323000000000000000e+03
5.237000000000000000e+03
5.150000000000000000e+03
5.064000000000000000e+03
4.977000000000000000e+03
4.892000000000000000e+03
4.806000000000000000e+03
4.719000000000000000e+03
4.633000000000000000e+03
4.546000000000000000e+03
4.459000000000000000e+03
4.373000000000000000e+03
4.284000000000000000e+03
4.196000000000000000e+03
inf
inf
inf
inf
inf
inf
inf
inf
inf
inf
inf
inf
inf
inf
inf
inf
inf
inf
inf
inf
inf
inf
inf
inf
inf
inf
inf
inf
inf
inf
inf
inf
inf
inf
1.809700000000000000e+04
1.460500000000000000e+04
1.290000000000000000e+04
1.189700000000000000e+04
1.118300000000000000e+04
1.062600000000000000e+04
1.016900000000000000e+04
9.780000000000000000e+03
9.442000000000000000e+03
9.143000000000000000e+03
8.873000000000000000e+03
8.628000000000000000e+03
8.404000000000000000e+03
8.196000000000000000e+03
8.002000000000000000e+03
7.821000000000000000e+03
7.651000000000000000e+03
7.490000000000000000e+03
7.338000000000000000e+03
7.193000000000000000e+03
7.054000000000000000e+03
6.922000000000000000e+03
6.795000000000000000e+03
6.673000000000000000e+03
6.555000000000000000e+03
6.442000000000000000e+03
6.332000000000000000e+03
6.226000000000000000e+03
6.122000000000000000e+03
6.022000000000000000e+03
5.925000000000000000e+03
5.830000000000000000e+03
5.738000000000000000e+03
5.647000000000000000e+03
5.559000000000000000e+03
5.473000000000000000e+03
5.388000000000000000e+03
5.306000000000000000e+03
5.224000000000000000e+03
5.145000000000000000e+03
5.066000000000000000e+03
4.989000000000000000e+03
4.913000000000000000e+03
6.118000000000000000e+03
6.059000000000000000e+03
5.986000000000000000e+03
5.907000000000000000e+03
5.825000000000000000e+03
5.742000000000000000e+03
5.659000000000000000e+03
5.574000000000000000e+03
5.490000000000000000e+03
5.405000000000000000e+03
5.321000000000000000e+03
5.236000000000000000e+03
5.151000000000000000e+03
5.067000000000000000e+03
4.982000000000000000e+03
4.897000000000000000e+03
4.813000000000000000e+03
4.727000000000000000e+03
4.643000000000000000e+03
4.557000000000000000e+03
4.472000000000000000e+03
4.387000000000000000e+03
4.301000000000000000e+03
4.214000000000000000e+03
inf
inf
inf
inf
inf
inf
inf
inf
inf
inf
inf
inf
inf
inf
inf
inf
inf
inf
inf
inf
inf
inf
inf
inf
inf
inf
inf
inf
inf
inf
inf
inf
inf
inf
1.809000000000000000e+04
1.454900000000000000e+04
1.285000000000000000e+04
1.185100000000000000e+04
1.114000000000000000e+04
1.058500000000000000e+04
1.013000000000000000e+04
9.743000000000000000e+03
9.407000000000000000e+03
9.108000000000000000e+03
8.840000000000000000e+03
8.596000000000000000e+03
8.372000000000000000e+03
8.166000000000000000e+03
7.973000000000000000e+03
7.793000000000000000e+03
7.623000000000000000e+03
7.463000000000000000e+03
7.311000000000000000e+03
7.167000000000000000e+03
7.029000000000000000e+03
6.898000000000000000e+03
6.771000000000000000e+03
6.650000000000000000e+03
6.533000000000000000e+03
6.420000000000000000e+03
6.311000000000000000e+03
6.205000000000000000e+03
6.103000000000000000e+03
6.003000000000000000e+03
5.906000000000000000e+03
5.812000000000000000e+03
5.720000000000000000e+03
5.630000000000000000e+03
5.543000000000000000e+03
5.457000000000000000e+03
5.373000000000000000e+03
5.291000000000000000e+03
5.210000000000000000e+03
5.131000000000000000e+03
5.053000000000000000e+03
4.977000000000000000e+03
4.901000000000000000e+03
4.827000000000000000e+03
6.017000000000000000e+03
5.958000000000000000e+03
5.886000000000000000e+03
5.809000000000000000e+03
5.729000000000000000e+03
5.648000000000000000e+03
5.566000000000000000e+03
5.483000000000000000e+03
5.400000000000000000e+03
5.317000000000000000e+03
5.234000000000000000e+03
5.151000000000000000e+03
5.068000000000000000e+03
4.985000000000000000e+03
4.901000000000000000e+03
4.817000000000000000e+03
4.734000000000000000e+03
4.651000000000000000e+03
4.568000000000000000e+03
4.483000000000000000e+03
4.399000000000000000e+03
4.316000000000000000e+03
4.230000000000000000e+03
4.145000000000000000e+03
inf
inf
inf
inf
inf
inf
inf
inf
inf
inf
inf
inf
inf
inf
inf
inf
inf
inf
inf
inf
inf
inf
inf
inf
inf
inf
inf
inf
inf
inf
inf
inf
inf
1.808300000000000000e+04
1.449200000000000000e+04
1.280000000000000000e+04
1.180600000000000000e+04
1.109700000000000000e+04
1.054500000000000000e+04
1.009100000000000000e+04
9.706000000000000000e+03
9.371000000000000000e+03
9.074000000000000000e+03
8.807000000000000000e+03
8.564000000000000000e+03
8.341000000000000000e+03
8.135000000000000000e+03
7.944000000000000000e+03
7.764000000000000000e+03
7.596000000000000000e+03
7.436000000000000000e+03
7.285000000000000000e+03
7.142000000000000000e+03
7.005000000000000000e+03
6.874000000000000000e+03
6.748000000000000000e+03
6.627000000000000000e+03
6.511000000000000000e+03
6.398000000000000000e+03
6.290000000000000000e+03
6.185000000000000000e+03
6.083000000000000000e+03
5.984000000000000000e+03
5.888000000000000000e+03
5.794000000000000000e+03
5.703000000000000000e+03
5.613000000000000000e+03
5.526000000000000000e+03
5.441000000000000000e+03
5.358000000000000000e+03
5.276000000000000000e+03
5.196000000000000000e+03
5.117000000000000000e+03
5.040000000000000000e+03
4.964000000000000000e+03
4.889000000000000000e+03
4.816000000000000000e+03
4.743000000000000000e+03
5.918000000000000000e+03
5.860000000000000000e+03
5.789000000000000000e+03
5.713000000000000000e+03
5.635000000000000000e+03
5.556000000000000000e+03
5.475000000000000000e+03
5.394000000000000000e+03
5.313000000000000000e+03
5.232000000000000000e+03
5.149000000000000000e+03
5.067000000000000000e+03
4.986000000000000000e+03
4.904000000000000000e+03
4.823000000000000000e+03
4.740000000000000000e+03
4.658000000000000000e+03
4.577000000000000000e+03
4.494000000000000000e+03
4.412000000000000000e+03
4.329000000000000000e+03
4.246000000000000000e+03
4.162000000000000000e+03
inf
inf
inf
inf
inf
inf
inf
inf
inf
inf
inf
inf
inf
inf
inf
inf
inf
inf
inf
inf
inf
inf
inf
inf
inf
inf
inf
inf
inf
inf
inf
inf
inf
1.807600000000000000e+04
1.443600000000000000e+04
1.275100000000000000e+04
1.176000000000000000e+04
1.105400000000000000e+04
1.050400000000000000e+04
1.005300000000000000e+04
9.669000000000000000e+03
9.336000000000000000e+03
9.040000000000000000e+03
8.774000000000000000e+03
8.532000000000000000e+03
8.310000000000000000e+03
8.105000000000000000e+03
7.915000000000000000e+03
7.736000000000000000e+03
7.568000000000000000e+03
7.410000000000000000e+03
7.259000000000000000e+03
7.116000000000000000e+03
6.980000000000000000e+03
6.850000000000000000e+03
6.725000000000000000e+03
6.604000000000000000e+03
6.489000000000000000e+03
6.377000000000000000e+03
6.269000000000000000e+03
6.164000000000000000e+03
6.063000000000000000e+03
5.965000000000000000e+03
5.869000000000000000e+03
5.776000000000000000e+03
5.685000000000000000e+03
5.596000000000000000e+03
5.510000000000000000e+03
5.425000000000000000e+03
5.342000000000000000e+03
5.261000000000000000e+03
5.182000000000000000e+03
5.104000000000000000e+03
5.027000000000000000e+03
4.952000000000000000e+03
4.877000000000000000e+03
4.804000000000000000e+03
4.732000000000000000e+03
4.661000000000000000e+03
5.821000000000000000e+03
5.763000000000000000e+03
5.694000000000000000e+03
5.620000000000000000e+03
5.543000000000000000e+03
5.465000000000000000e+03
5.387000000000000000e+03
5.307000000000000000e+03
5.227000000000000000e+03
5.147000000000000000e+03
5.066000000000000000e+03
4.987000000000000000e+03
4.906000000000000000e+03
4.826000000000000000e+03
4.745000000000000000e+03
4.664000000000000000e+03
4.584000000000000000e+03
4.503000000000000000e+03
4.422000000000000000e+03
4.340000000000000000e+03
4.258000000000000000e+03
4.177000000000000000e+03
4.094000000000000000e+03
inf
inf
inf
inf
inf
inf
inf
inf
inf
inf
inf
inf
inf
inf
inf
inf
inf
inf
inf
inf
inf
inf
inf
inf
inf
inf
inf
inf
inf
inf
inf
inf
1.806900000000000000e+04
1.438000000000000000e+04
1.270100000000000000e+04
1.171500000000000000e+04
1.101200000000000000e+04
1.046400000000000000e+04
1.001500000000000000e+04
9.633000000000000000e+03
9.300000000000000000e+03
9.006000000000000000e+03
8.741000000000000000e+03
8.500000000000000000e+03
8.280000000000000000e+03
8.076000000000000000e+03
7.886000000000000000e+03
7.708000000000000000e+03
7.541000000000000000e+03
7.383000000000000000e+03
7.233000000000000000e+03
7.091000000000000000e+03
6.956000000000000000e+03
6.826000000000000000e+03
6.701000000000000000e+03
6.582000000000000000e+03
6.467000000000000000e+03
6.356000000000000000e+03
6.248000000000000000e+03
6.144000000000000000e+03
6.044000000000000000e+03
5.946000000000000000e+03
5.851000000000000000e+03
5.758000000000000000e+03
5.668000000000000000e+03
5.580000000000000000e+03
5.494000000000000000e+03
5.409000000000000000e+03
5.327000000000000000e+03
5.247000000000000000e+03
5.168000000000000000e+03
5.090000000000000000e+03
5.014000000000000000e+03
4.939000000000000000e+03
4.865000000000000000e+03
4.793000000000000000e+03
4.721000000000000000e+03
4.651000000000000000e+03
4.582000000000000000e+03
5.727000000000000000e+03
5.669000000000000000e+03
5.601000000000000000e+03
5.528000000000000000e+03
5.453000000000000000e+03
5.377000000000000000e+03
5.300000000000000000e+03
5.222000000000000000e+03
5.143000000000000000e+03
5.064000000000000000e+03
4.986000000000000000e+03
4.907000000000000000e+03
4.828000000000000000e+03
4.749000000000000000e+03
4.670000000000000000e+03
4.590000000000000000e+03
4.511000000000000000e+03
4.431000000000000000e+03
4.351000000000000000e+03
4.271000000000000000e+03
4.191000000000000000e+03
4.110000000000000000e+03
4.030000000000000000e+03
inf
inf
inf
inf
inf
inf
inf
inf
inf
inf
inf
inf
inf
inf
inf
inf
inf
inf
inf
inf
inf
inf
inf
inf
inf
inf
inf
inf
inf
inf
inf
1.806300000000000000e+04
1.433300000000000000e+04
1.265900000000000000e+04
1.167600000000000000e+04
1.097600000000000000e+04
1.043000000000000000e+04
9.982000000000000000e+03
9.601000000000000000e+03
9.270000000000000000e+03
8.977000000000000000e+03
8.713000000000000000e+03
8.473000000000000000e+03
8.253000000000000000e+03
8.050000000000000000e+03
7.861000000000000000e+03
7.684000000000000000e+03
7.517000000000000000e+03
7.360000000000000000e+03
7.211000000000000000e+03
7.070000000000000000e+03
6.935000000000000000e+03
6.805000000000000000e+03
6.682000000000000000e+03
6.563000000000000000e+03
6.448000000000000000e+03
6.337000000000000000e+03
6.230000000000000000e+03
6.127000000000000000e+03
6.027000000000000000e+03
5.929000000000000000e+03
5.835000000000000000e+03
5.743000000000000000e+03
5.653000000000000000e+03
5.565000000000000000e+03
5.480000000000000000e+03
5.396000000000000000e+03
5.314000000000000000e+03
5.234000000000000000e+03
5.155000000000000000e+03
5.078000000000000000e+03
5.002000000000000000e+03
4.928000000000000000e+03
4.855000000000000000e+03
4.783000000000000000e+03
4.712000000000000000e+03
4.642000000000000000e+03
4.573000000000000000e+03
4.505000000000000000e+03
5.639000000000000000e+03
5.581000000000000000e+03
5.514000000000000000e+03
5.442000000000000000e+03
5.368000000000000000e+03
5.293000000000000000e+03
5.217000000000000000e+03
5.140000000000000000e+03
5.063000000000000000e+03
4.986000000000000000e+03
4.909000000000000000e+03
4.831000000000000000e+03
4.753000000000000000e+03
4.675000000000000000e+03
4.597000000000000000e+03
4.519000000000000000e+03
4.440000000000000000e+03
4.362000000000000000e+03
4.283000000000000000e+03
4.204000000000000000e+03
4.125000000000000000e+03
4.045000000000000000e+03
inf
inf
inf
inf
inf
inf
inf
inf
inf
inf
inf
inf
inf
inf
inf
inf
inf
inf
inf
inf
inf
inf
inf
inf
inf
inf
inf
inf
inf
inf
inf
1.805600000000000000e+04
1.427700000000000000e+04
1.261100000000000000e+04
1.163200000000000000e+04
1.093400000000000000e+04
1.039000000000000000e+04
9.944000000000000000e+03
9.565000000000000000e+03
9.235000000000000000e+03
8.943000000000000000e+03
8.680000000000000000e+03
8.442000000000000000e+03
8.223000000000000000e+03
8.020000000000000000e+03
7.832000000000000000e+03
7.656000000000000000e+03
7.490000000000000000e+03
7.334000000000000000e+03
7.186000000000000000e+03
7.045000000000000000e+03
6.910000000000000000e+03
6.782000000000000000e+03
6.659000000000000000e+03
6.540000000000000000e+03
6.426000000000000000e+03
6.316000000000000000e+03
6.210000000000000000e+03
6.107000000000000000e+03
6.007000000000000000e+03
5.910000000000000000e+03
5.816000000000000000e+03
5.725000000000000000e+03
5.635000000000000000e+03
5.548000000000000000e+03
5.463000000000000000e+03
5.380000000000000000e+03
5.299000000000000000e+03
5.219000000000000000e+03
5.141000000000000000e+03
5.065000000000000000e+03
4.989000000000000000e+03
4.915000000000000000e+03
4.843000000000000000e+03
4.771000000000000000e+03
4.701000000000000000e+03
4.631000000000000000e+03
4.563000000000000000e+03
4.496000000000000000e+03
4.429000000000000000e+03
5.548000000000000000e+03
5.491000000000000000e+03
5.425000000000000000e+03
5.355000000000000000e+03
5.283000000000000000e+03
5.209000000000000000e+03
5.134000000000000000e+03
5.059000000000000000e+03
4.983000000000000000e+03
4.908000000000000000e+03
4.831000000000000000e+03
4.754000000000000000e+03
4.678000000000000000e+03
4.601000000000000000e+03
4.525000000000000000e+03
4.448000000000000000e+03
4.371000000000000000e+03
4.293000000000000000e+03
4.216000000000000000e+03
4.138000000000000000e+03
4.060000000000000000e+03
3.981000000000000000e+03
inf
inf
inf
inf
inf
inf
inf
inf
inf
inf
inf
inf
inf
inf
inf
inf
inf
inf
inf
inf
inf
inf
inf
inf
inf
inf
inf
inf
inf
inf
1.804900000000000000e+04
1.422200000000000000e+04
1.256200000000000000e+04
1.158700000000000000e+04
1.089200000000000000e+04
1.035000000000000000e+04
9.906000000000000000e+03
9.529000000000000000e+03
9.200000000000000000e+03
8.910000000000000000e+03
8.648000000000000000e+03
8.410000000000000000e+03
8.192000000000000000e+03
7.991000000000000000e+03
7.804000000000000000e+03
7.628000000000000000e+03
7.463000000000000000e+03
7.308000000000000000e+03
7.160000000000000000e+03
7.020000000000000000e+03
6.886000000000000000e+03
6.758000000000000000e+03
6.636000000000000000e+03
6.518000000000000000e+03
6.404000000000000000e+03
6.295000000000000000e+03
6.189000000000000000e+03
6.087000000000000000e+03
5.988000000000000000e+03
5.892000000000000000e+03
5.798000000000000000e+03
5.707000000000000000e+03
5.618000000000000000e+03
5.532000000000000000e+03
5.447000000000000000e+03
5.365000000000000000e+03
5.284000000000000000e+03
5.205000000000000000e+03
5.127000000000000000e+03
5.051000000000000000e+03
4.976000000000000000e+03
4.903000000000000000e+03
4.831000000000000000e+03
4.760000000000000000e+03
4.690000000000000000e+03
4.621000000000000000e+03
4.553000000000000000e+03
4.486000000000000000e+03
4.420000000000000000e+03
4.355000000000000000e+03
5.460000000000000000e+03
5.403000000000000000e+03
5.338000000000000000e+03
5.269000000000000000e+03
5.198000000000000000e+03
5.126000000000000000e+03
5.053000000000000000e+03
4.979000000000000000e+03
4.905000000000000000e+03
4.831000000000000000e+03
4.755000000000000000e+03
4.680000000000000000e+03
4.605000000000000000e+03
4.530000000000000000e+03
4.454000000000000000e+03
4.378000000000000000e+03
4.302000000000000000e+03
4.226000000000000000e+03
4.150000000000000000e+03
4.073000000000000000e+03
3.996000000000000000e+03
3.919000000000000000e+03
inf
inf
inf
inf
inf
inf
inf
inf
inf
inf
inf
inf
inf
inf
inf
inf
inf
inf
inf
inf
inf
inf
inf
inf
inf
inf
inf
inf
inf
1.804300000000000000e+04
1.417500000000000000e+04
1.252100000000000000e+04
1.154900000000000000e+04
1.085600000000000000e+04
1.031700000000000000e+04
9.874000000000000000e+03
9.498000000000000000e+03
9.171000000000000000e+03
8.881000000000000000e+03
8.620000000000000000e+03
8.384000000000000000e+03
8.167000000000000000e+03
7.966000000000000000e+03
7.779000000000000000e+03
7.604000000000000000e+03
7.440000000000000000e+03
7.285000000000000000e+03
7.138000000000000000e+03
6.999000000000000000e+03
6.866000000000000000e+03
6.738000000000000000e+03
6.616000000000000000e+03
6.499000000000000000e+03
6.386000000000000000e+03
6.277000000000000000e+03
6.172000000000000000e+03
6.070000000000000000e+03
5.971000000000000000e+03
5.875000000000000000e+03
5.782000000000000000e+03
5.692000000000000000e+03
5.603000000000000000e+03
5.517000000000000000e+03
5.433000000000000000e+03
5.351000000000000000e+03
5.271000000000000000e+03
5.192000000000000000e+03
5.115000000000000000e+03
5.039000000000000000e+03
4.965000000000000000e+03
4.892000000000000000e+03
4.820000000000000000e+03
4.750000000000000000e+03
4.680000000000000000e+03
4.612000000000000000e+03
4.544000000000000000e+03
4.478000000000000000e+03
4.412000000000000000e+03
4.347000000000000000e+03
4.283000000000000000e+03
5.377000000000000000e+03
5.321000000000000000e+03
5.257000000000000000e+03
5.189000000000000000e+03
5.119000000000000000e+03
5.048000000000000000e+03
4.976000000000000000e+03
4.903000000000000000e+03
4.830000000000000000e+03
4.756000000000000000e+03
4.683000000000000000e+03
4.609000000000000000e+03
4.535000000000000000e+03
4.461000000000000000e+03
4.385000000000000000e+03
4.311000000000000000e+03
4.237000000000000000e+03
4.161000000000000000e+03
4.086000000000000000e+03
4.010000000000000000e+03
3.934000000000000000e+03
inf
inf
inf
inf
inf
inf
inf
inf
inf
inf
inf
inf
inf
inf
inf
inf
inf
inf
inf
inf
inf
inf
inf
inf
inf
inf
inf
inf
inf
inf
inf
inf
inf
inf
inf
inf
inf
inf
inf
inf
inf
inf
inf
inf
inf
inf
inf
inf
inf
inf
inf
inf
inf
inf
inf
inf
inf
inf
inf
inf
inf
inf
inf
inf
inf
inf
inf
inf
inf
inf
inf
inf
inf
inf
inf
inf
inf
inf
inf
inf
inf
inf
inf
inf
inf
inf
inf
inf
inf
inf
inf
inf
inf
inf
inf
inf
inf
inf
inf
inf
inf
inf
inf
inf
inf
inf
inf
inf
inf
inf
inf
inf
inf
inf
inf
inf
inf
inf
inf
inf
inf
inf
inf
inf
inf
inf
inf
inf
inf
inf
inf
inf
inf
inf
inf
inf
inf
inf
inf
inf
inf
inf
inf
inf
inf
inf
inf
inf
inf
inf
inf
inf
inf
inf
inf
inf
inf
inf
inf
inf
inf
inf
inf
inf
inf
inf
inf
inf
inf
inf
inf
inf
inf
inf
inf
inf
inf
inf
inf
inf
inf
inf
inf
inf
inf
inf
inf
inf
inf
inf
inf
inf
inf
inf
inf
inf
inf
inf
inf
inf
inf
inf
inf
inf
inf
inf
inf
inf
inf
inf
inf
inf
inf
inf
inf
inf
inf
inf
inf
inf
inf
inf
inf
inf
inf
inf
inf
inf
inf
inf
inf
