1.000000000000000000e+00
4.665480000000000000e+05
4.833920000000000000e+05
4.890880000000000000e+05
4.919430000000000000e+05
4.936570000000000000e+05
4.947990000000000000e+05
4.956140000000000000e+05
4.962260000000000000e+05
4.967020000000000000e+05
4.970830000000000000e+05
4.973940000000000000e+05
4.976540000000000000e+05
4.978740000000000000e+05
4.980620000000000000e+05
4.982250000000000000e+05
4.983680000000000000e+05
4.984940000000000000e+05
4.986060000000000000e+05
4.987060000000000000e+05
4.987960000000000000e+05
4.988780000000000000e+05
4.989520000000000000e+05
4.990190000000000000e+05
4.990820000000000000e+05
4.991390000000000000e+05
4.991910000000000000e+05
4.992400000000000000e+05
4.992860000000000000e+05
4.993280000000000000e+05
4.993670000000000000e+05
4.994040000000000000e+05
4.994380000000000000e+05
4.994710000000000000e+05
4.995010000000000000e+05
4.995300000000000000e+05
4.995570000000000000e+05
4.995830000000000000e+05
4.996080000000000000e+05
4.996310000000000000e+05
4.996530000000000000e+05
4.996740000000000000e+05
4.996930000000000000e+05
4.997120000000000000e+05
4.997310000000000000e+05
4.997480000000000000e+05
4.997640000000000000e+05
4.997800000000000000e+05
4.997950000000000000e+05
4.998100000000000000e+05
4.998240000000000000e+05
4.998370000000000000e+05
4.998500000000000000e+05
4.998630000000000000e+05
4.998750000000000000e+05
4.998860000000000000e+05
4.998970000000000000e+05
4.999080000000000000e+05
4.999190000000000000e+05
4.999290000000000000e+05
4.999380000000000000e+05
4.999480000000000000e+05
4.999570000000000000e+05
4.999650000000000000e+05
4.999740000000000000e+05
4.999820000000000000e+05
4.999900000000000000e+05
4.999980000000000000e+05
5.000000000000000000e+05
5.000000000000000000e+05
5.000000000000000000e+05
5.000000000000000000e+05
5.000000000000000000e+05
5.000000000000000000e+05
5.000000000000000000e+05
5.000000000000000000e+05
5.000000000000000000e+05
5.000000000000000000e+05
5.000000000000000000e+05
5.000000000000000000e+05
5.000000000000000000e+05
5.000000000000000000e+05
5.000000000000000000e+05
5.000000000000000000e+05
5.000000000000000000e+05
5.000000000000000000e+05
5.000000000000000000e+05
5.000000000000000000e+05
5.000000000000000000e+05
5.000000000000000000e+05
5.000000000000000000e+05
5.000000000000000000e+05
5.000000000000000000e+05
5.000000000000000000e+05
5.000000000000000000e+05
5.000000000000000000e+05
5.000000000000000000e+05
5.000000000000000000e+05
5.000000000000000000e+05
5.000000000000000000e+05
5.000000000000000000e+05
1.000000000000000000e+00
2.356380000000000000e+05
1.619920000000000000e+05
1.335050000000000000e+05
1.173520000000000000e+05
1.064350000000000000e+05
9.832600000000000000e+04
9.191800000000000000e+04
8.661100000000000000e+04
8.209900000000000000e+04
7.819000000000000000e+04
7.472300000000000000e+04
7.161800000000000000e+04
6.878300000000000000e+04
6.621900000000000000e+04
6.385400000000000000e+04
6.164100000000000000e+04
5.959000000000000000e+04
5.767000000000000000e+04
5.587600000000000000e+04
5.415900000000000000e+04
5.255600000000000000e+04
5.104100000000000000e+04
4.960400000000000000e+04
4.820200000000000000e+04
4.689200000000000000e+04
4.564600000000000000e+04
4.443200000000000000e+04
4.327000000000000000e+04
4.217300000000000000e+04
4.110400000000000000e+04
4.010000000000000000e+04
3.911800000000000000e+04
3.816700000000000000e+04
3.725400000000000000e+04
3.636100000000000000e+04
3.551900000000000000e+04
3.468100000000000000e+04
3.387800000000000000e+04
3.311500000000000000e+04
3.236900000000000000e+04
3.164200000000000000e+04
3.096400000000000000e+04
3.028600000000000000e+04
2.961000000000000000e+04
2.899000000000000000e+04
2.837600000000000000e+04
2.777000000000000000e+04
2.719900000000000000e+04
2.663900000000000000e+04
2.609200000000000000e+04
2.555800000000000000e+04
2.503800000000000000e+04
2.453500000000000000e+04
2.404700000000000000e+04
2.357700000000000000e+04
2.312400000000000000e+04
2.266700000000000000e+04
2.222800000000000000e+04
2.180900000000000000e+04
2.140900000000000000e+04
2.100700000000000000e+04
2.062500000000000000e+04
2.026400000000000000e+04
1.990100000000000000e+04
1.953900000000000000e+04
1.919800000000000000e+04
1.887900000000000000e+04
1.879400000000000000e+04
1.879400000000000000e+04
1.879400000000000000e+04
1.879400000000000000e+04
1.879400000000000000e+04
1.879400000000000000e+04
1.879400000000000000e+04
1.879400000000000000e+04
1.879400000000000000e+04
1.879400000000000000e+04
1.879400000000000000e+04
1.879400000000000000e+04
1.879400000000000000e+04
1.879400000000000000e+04
1.879400000000000000e+04
1.879400000000000000e+04
1.879400000000000000e+04
1.879400000000000000e+04
1.879400000000000000e+04
1.879400000000000000e+04
1.879400000000000000e+04
1.879400000000000000e+04
1.879400000000000000e+04
1.879400000000000000e+04
1.879400000000000000e+04
1.879400000000000000e+04
1.879400000000000000e+04
1.879400000000000000e+04
1.879400000000000000e+04
1.879400000000000000e+04
1.879400000000000000e+04
1.879400000000000000e+04
1.879400000000000000e+04
1.000000000000000000e+00
2.950000000000000000e+02
1.178250000000000000e+05
9.356500000000000000e+04
8.016000000000000000e+04
7.142100000000000000e+04
6.514000000000000000e+04
6.032100000000000000e+04
5.644000000000000000e+04
5.321800000000000000e+04
5.048300000000000000e+04
4.810500000000000000e+04
4.601100000000000000e+04
4.413000000000000000e+04
4.244900000000000000e+04
4.091800000000000000e+04
3.950400000000000000e+04
3.820500000000000000e+04
3.700100000000000000e+04
3.588500000000000000e+04
3.482800000000000000e+04
3.384600000000000000e+04
3.292400000000000000e+04
3.205500000000000000e+04
3.121400000000000000e+04
3.043100000000000000e+04
2.968900000000000000e+04
2.897200000000000000e+04
2.828700000000000000e+04
2.764400000000000000e+04
2.701900000000000000e+04
2.643300000000000000e+04
2.586300000000000000e+04
2.531400000000000000e+04
2.478700000000000000e+04
2.427400000000000000e+04
2.379100000000000000e+04
2.331300000000000000e+04
2.285500000000000000e+04
2.242100000000000000e+04
2.199700000000000000e+04
2.158500000000000000e+04
2.120200000000000000e+04
2.081900000000000000e+04
2.043900000000000000e+04
2.009000000000000000e+04
1.974500000000000000e+04
1.940600000000000000e+04
1.908700000000000000e+04
1.877400000000000000e+04
1.846900000000000000e+04
1.817200000000000000e+04
1.788300000000000000e+04
1.760400000000000000e+04
1.733400000000000000e+04
1.707300000000000000e+04
1.682300000000000000e+04
1.657100000000000000e+04
1.632900000000000000e+04
1.609800000000000000e+04
1.587900000000000000e+04
1.565800000000000000e+04
1.544900000000000000e+04
1.525200000000000000e+04
1.505400000000000000e+04
1.485700000000000000e+04
1.467200000000000000e+04
1.449900000000000000e+04
1.445400000000000000e+04
1.445400000000000000e+04
1.445400000000000000e+04
1.445400000000000000e+04
1.445400000000000000e+04
1.445400000000000000e+04
1.445400000000000000e+04
1.445400000000000000e+04
1.445400000000000000e+04
1.445400000000000000e+04
1.445400000000000000e+04
1.445400000000000000e+04
1.445400000000000000e+04
1.445400000000000000e+04
1.445400000000000000e+04
1.445400000000000000e+04
1.445400000000000000e+04
1.445400000000000000e+04
1.445400000000000000e+04
1.445400000000000000e+04
1.445400000000000000e+04
1.445400000000000000e+04
1.445400000000000000e+04
1.445400000000000000e+04
1.445400000000000000e+04
1.445400000000000000e+04
1.445400000000000000e+04
1.445400000000000000e+04
1.445400000000000000e+04
1.445400000000000000e+04
1.445400000000000000e+04
1.445400000000000000e+04
1.445400000000000000e+04
1.000000000000000000e+00
1.480000000000000000e+02
2.940000000000000000e+02
7.847100000000000000e+04
6.649800000000000000e+04
5.868300000000000000e+04
5.312500000000000000e+04
4.890400000000000000e+04
4.555900000000000000e+04
4.281500000000000000e+04
4.050500000000000000e+04
3.852100000000000000e+04
3.678700000000000000e+04
3.525200000000000000e+04
3.387800000000000000e+04
3.263300000000000000e+04
3.151000000000000000e+04
3.047500000000000000e+04
2.952000000000000000e+04
2.863800000000000000e+04
2.781700000000000000e+04
2.704700000000000000e+04
2.632700000000000000e+04
2.565000000000000000e+04
2.501800000000000000e+04
2.441200000000000000e+04
2.383900000000000000e+04
2.329600000000000000e+04
2.278000000000000000e+04
2.229600000000000000e+04
2.182700000000000000e+04
2.137800000000000000e+04
2.094300000000000000e+04
2.053300000000000000e+04
2.014200000000000000e+04
1.976200000000000000e+04
1.940400000000000000e+04
1.905100000000000000e+04
1.871400000000000000e+04
1.839400000000000000e+04
1.807300000000000000e+04
1.778000000000000000e+04
1.748900000000000000e+04
1.720000000000000000e+04
1.693200000000000000e+04
1.666700000000000000e+04
1.641600000000000000e+04
1.617000000000000000e+04
1.593700000000000000e+04
1.571000000000000000e+04
1.548900000000000000e+04
1.527400000000000000e+04
1.506500000000000000e+04
1.486300000000000000e+04
1.466800000000000000e+04
1.447100000000000000e+04
1.429100000000000000e+04
1.411900000000000000e+04
1.394500000000000000e+04
1.377900000000000000e+04
1.361300000000000000e+04
1.345500000000000000e+04
1.330600000000000000e+04
1.316500000000000000e+04
1.302400000000000000e+04
1.288400000000000000e+04
1.275200000000000000e+04
1.262200000000000000e+04
1.256600000000000000e+04
1.256600000000000000e+04
1.256600000000000000e+04
1.256600000000000000e+04
1.256600000000000000e+04
1.256600000000000000e+04
1.256600000000000000e+04
1.256600000000000000e+04
1.256600000000000000e+04
1.256600000000000000e+04
1.256600000000000000e+04
1.256600000000000000e+04
1.256600000000000000e+04
1.256600000000000000e+04
1.256600000000000000e+04
1.256600000000000000e+04
1.256600000000000000e+04
1.256600000000000000e+04
1.256600000000000000e+04
1.256600000000000000e+04
1.256600000000000000e+04
1.256600000000000000e+04
1.256600000000000000e+04
1.256600000000000000e+04
1.256600000000000000e+04
1.256600000000000000e+04
1.256600000000000000e+04
1.256600000000000000e+04
1.256600000000000000e+04
1.256600000000000000e+04
1.256600000000000000e+04
1.256600000000000000e+04
1.256600000000000000e+04
1.000000000000000000e+00
9.800000000000000000e+01
1.470000000000000000e+02
2.930000000000000000e+02
5.873000000000000000e+04
5.163000000000000000e+04
4.652200000000000000e+04
4.265800000000000000e+04
3.961100000000000000e+04
3.712800000000000000e+04
3.504800000000000000e+04
3.327200000000000000e+04
3.173000000000000000e+04
3.037500000000000000e+04
2.917300000000000000e+04
2.808900000000000000e+04
2.710400000000000000e+04
2.620700000000000000e+04
2.538800000000000000e+04
2.462600000000000000e+04
2.392500000000000000e+04
2.327000000000000000e+04
2.265800000000000000e+04
2.208500000000000000e+04
2.155000000000000000e+04
2.103700000000000000e+04
2.056200000000000000e+04
2.010500000000000000e+04
1.967000000000000000e+04
1.926300000000000000e+04
1.886900000000000000e+04
1.850100000000000000e+04
1.814400000000000000e+04
1.780100000000000000e+04
1.748100000000000000e+04
1.717000000000000000e+04
1.687100000000000000e+04
1.658300000000000000e+04
1.630200000000000000e+04
1.603400000000000000e+04
1.578100000000000000e+04
1.553700000000000000e+04
1.530100000000000000e+04
1.506700000000000000e+04
1.485100000000000000e+04
1.463800000000000000e+04
1.442800000000000000e+04
1.423000000000000000e+04
1.403500000000000000e+04
1.385300000000000000e+04
1.367500000000000000e+04
1.349600000000000000e+04
1.332800000000000000e+04
1.316700000000000000e+04
1.301100000000000000e+04
1.286100000000000000e+04
1.271000000000000000e+04
1.256500000000000000e+04
1.242700000000000000e+04
1.229500000000000000e+04
1.217000000000000000e+04
1.204400000000000000e+04
1.191900000000000000e+04
1.180700000000000000e+04
1.168900000000000000e+04
1.158400000000000000e+04
1.148000000000000000e+04
1.137800000000000000e+04
1.128300000000000000e+04
1.128300000000000000e+04
1.128300000000000000e+04
1.128300000000000000e+04
1.128300000000000000e+04
1.128300000000000000e+04
1.128300000000000000e+04
1.128300000000000000e+04
1.128300000000000000e+04
1.128300000000000000e+04
1.128300000000000000e+04
1.128300000000000000e+04
1.128300000000000000e+04
1.128300000000000000e+04
1.128300000000000000e+04
1.128300000000000000e+04
1.128300000000000000e+04
1.128300000000000000e+04
1.128300000000000000e+04
1.128300000000000000e+04
1.128300000000000000e+04
1.128300000000000000e+04
1.128300000000000000e+04
1.128300000000000000e+04
1.128300000000000000e+04
1.128300000000000000e+04
1.128300000000000000e+04
1.128300000000000000e+04
1.128300000000000000e+04
1.128300000000000000e+04
1.128300000000000000e+04
1.128300000000000000e+04
1.128300000000000000e+04
1.000000000000000000e+00
7.400000000000000000e+01
9.800000000000000000e+01
1.460000000000000000e+02
2.920000000000000000e+02
4.688500000000000000e+04
4.220500000000000000e+04
3.861500000000000000e+04
3.577700000000000000e+04
3.347100000000000000e+04
3.155000000000000000e+04
2.991100000000000000e+04
2.849900000000000000e+04
2.725600000000000000e+04
2.615800000000000000e+04
2.517500000000000000e+04
2.428500000000000000e+04
2.347400000000000000e+04
2.273500000000000000e+04
2.205400000000000000e+04
2.142300000000000000e+04
2.084000000000000000e+04
2.029600000000000000e+04
1.978700000000000000e+04
1.931200000000000000e+04
1.886500000000000000e+04
1.843700000000000000e+04
1.803900000000000000e+04
1.765600000000000000e+04
1.730200000000000000e+04
1.695500000000000000e+04
1.662900000000000000e+04
1.632100000000000000e+04
1.602500000000000000e+04
1.574300000000000000e+04
1.547000000000000000e+04
1.521200000000000000e+04
1.495900000000000000e+04
1.472400000000000000e+04
1.448800000000000000e+04
1.427200000000000000e+04
1.405700000000000000e+04
1.385500000000000000e+04
1.365600000000000000e+04
1.346500000000000000e+04
1.328400000000000000e+04
1.310500000000000000e+04
1.293600000000000000e+04
1.277100000000000000e+04
1.261000000000000000e+04
1.246000000000000000e+04
1.230700000000000000e+04
1.216600000000000000e+04
1.202900000000000000e+04
1.189100000000000000e+04
1.176400000000000000e+04
1.163700000000000000e+04
1.151500000000000000e+04
1.139800000000000000e+04
1.128700000000000000e+04
1.117600000000000000e+04
1.107000000000000000e+04
1.097000000000000000e+04
1.087100000000000000e+04
1.077200000000000000e+04
1.068400000000000000e+04
1.059100000000000000e+04
1.051100000000000000e+04
1.042600000000000000e+04
1.039000000000000000e+04
1.039000000000000000e+04
1.039000000000000000e+04
1.039000000000000000e+04
1.039000000000000000e+04
1.039000000000000000e+04
1.039000000000000000e+04
1.039000000000000000e+04
1.039000000000000000e+04
1.039000000000000000e+04
1.039000000000000000e+04
1.039000000000000000e+04
1.039000000000000000e+04
1.039000000000000000e+04
1.039000000000000000e+04
1.039000000000000000e+04
1.039000000000000000e+04
1.039000000000000000e+04
1.039000000000000000e+04
1.039000000000000000e+04
1.039000000000000000e+04
1.039000000000000000e+04
1.039000000000000000e+04
1.039000000000000000e+04
1.039000000000000000e+04
1.039000000000000000e+04
1.039000000000000000e+04
1.039000000000000000e+04
1.039000000000000000e+04
1.039000000000000000e+04
1.039000000000000000e+04
1.039000000000000000e+04
1.000000000000000000e+00
5.900000000000000000e+01
7.300000000000000000e+01
9.800000000000000000e+01
1.460000000000000000e+02
2.900000000000000000e+02
3.898800000000000000e+04
3.568400000000000000e+04
3.302700000000000000e+04
3.086100000000000000e+04
2.905600000000000000e+04
2.752200000000000000e+04
2.620100000000000000e+04
2.504200000000000000e+04
2.402000000000000000e+04
2.310400000000000000e+04
2.228000000000000000e+04
2.153500000000000000e+04
2.085200000000000000e+04
2.022800000000000000e+04
1.965100000000000000e+04
1.911300000000000000e+04
1.861600000000000000e+04
1.815100000000000000e+04
1.771700000000000000e+04
1.731000000000000000e+04
1.692600000000000000e+04
1.655800000000000000e+04
1.622100000000000000e+04
1.589300000000000000e+04
1.558300000000000000e+04
1.529300000000000000e+04
1.501300000000000000e+04
1.474400000000000000e+04
1.448700000000000000e+04
1.424400000000000000e+04
1.401600000000000000e+04
1.379200000000000000e+04
1.357800000000000000e+04
1.337000000000000000e+04
1.317300000000000000e+04
1.298300000000000000e+04
1.280500000000000000e+04
1.262900000000000000e+04
1.246100000000000000e+04
1.229600000000000000e+04
1.213900000000000000e+04
1.199000000000000000e+04
1.184000000000000000e+04
1.170300000000000000e+04
1.156600000000000000e+04
1.143200000000000000e+04
1.130800000000000000e+04
1.118300000000000000e+04
1.106800000000000000e+04
1.095200000000000000e+04
1.084000000000000000e+04
1.073300000000000000e+04
1.063200000000000000e+04
1.053000000000000000e+04
1.043300000000000000e+04
1.034100000000000000e+04
1.025300000000000000e+04
1.016700000000000000e+04
1.008100000000000000e+04
1.000000000000000000e+04
9.924000000000000000e+03
9.849000000000000000e+03
9.780000000000000000e+03
9.713000000000000000e+03
9.713000000000000000e+03
9.713000000000000000e+03
9.713000000000000000e+03
9.713000000000000000e+03
9.713000000000000000e+03
9.713000000000000000e+03
9.713000000000000000e+03
9.713000000000000000e+03
9.713000000000000000e+03
9.713000000000000000e+03
9.713000000000000000e+03
9.713000000000000000e+03
9.713000000000000000e+03
9.713000000000000000e+03
9.713000000000000000e+03
9.713000000000000000e+03
9.713000000000000000e+03
9.713000000000000000e+03
9.713000000000000000e+03
9.713000000000000000e+03
9.713000000000000000e+03
9.713000000000000000e+03
9.713000000000000000e+03
9.713000000000000000e+03
9.713000000000000000e+03
9.713000000000000000e+03
9.713000000000000000e+03
9.713000000000000000e+03
9.713000000000000000e+03
9.713000000000000000e+03
9.713000000000000000e+03
1.000000000000000000e+00
4.900000000000000000e+01
5.900000000000000000e+01
7.300000000000000000e+01
9.700000000000000000e+01
1.450000000000000000e+02
2.890000000000000000e+02
3.334800000000000000e+04
3.089800000000000000e+04
2.885800000000000000e+04
2.715400000000000000e+04
2.570300000000000000e+04
2.445400000000000000e+04
2.336100000000000000e+04
2.239700000000000000e+04
2.153700000000000000e+04
2.076300000000000000e+04
2.006400000000000000e+04
1.942300000000000000e+04
1.883800000000000000e+04
1.830000000000000000e+04
1.780000000000000000e+04
1.733800000000000000e+04
1.690600000000000000e+04
1.650400000000000000e+04
1.612600000000000000e+04
1.577000000000000000e+04
1.543400000000000000e+04
1.512000000000000000e+04
1.481700000000000000e+04
1.453400000000000000e+04
1.426500000000000000e+04
1.401000000000000000e+04
1.376100000000000000e+04
1.352800000000000000e+04
1.330800000000000000e+04
1.309600000000000000e+04
1.289300000000000000e+04
1.269500000000000000e+04
1.250600000000000000e+04
1.232800000000000000e+04
1.215700000000000000e+04
1.199100000000000000e+04
1.182800000000000000e+04
1.167700000000000000e+04
1.152800000000000000e+04
1.138600000000000000e+04
1.124800000000000000e+04
1.111800000000000000e+04
1.099000000000000000e+04
1.086700000000000000e+04
1.074700000000000000e+04
1.063100000000000000e+04
1.052400000000000000e+04
1.041600000000000000e+04
1.031200000000000000e+04
1.021200000000000000e+04
1.011700000000000000e+04
1.002500000000000000e+04
9.934000000000000000e+03
9.848000000000000000e+03
9.765000000000000000e+03
9.684000000000000000e+03
9.606000000000000000e+03
9.529000000000000000e+03
9.457000000000000000e+03
9.390000000000000000e+03
9.323000000000000000e+03
9.258000000000000000e+03
9.198000000000000000e+03
9.171000000000000000e+03
9.171000000000000000e+03
9.171000000000000000e+03
9.171000000000000000e+03
9.171000000000000000e+03
9.171000000000000000e+03
9.171000000000000000e+03
9.171000000000000000e+03
9.171000000000000000e+03
9.171000000000000000e+03
9.171000000000000000e+03
9.171000000000000000e+03
9.171000000000000000e+03
9.171000000000000000e+03
9.171000000000000000e+03
9.171000000000000000e+03
9.171000000000000000e+03
9.171000000000000000e+03
9.171000000000000000e+03
9.171000000000000000e+03
9.171000000000000000e+03
9.171000000000000000e+03
9.171000000000000000e+03
9.171000000000000000e+03
9.171000000000000000e+03
9.171000000000000000e+03
9.171000000000000000e+03
9.171000000000000000e+03
9.171000000000000000e+03
9.171000000000000000e+03
9.171000000000000000e+03
1.000000000000000000e+00
4.200000000000000000e+01
4.900000000000000000e+01
5.800000000000000000e+01
7.300000000000000000e+01
9.700000000000000000e+01
1.450000000000000000e+02
2.880000000000000000e+02
2.911700000000000000e+04
2.723300000000000000e+04
2.562300000000000000e+04
2.424900000000000000e+04
2.305900000000000000e+04
2.202100000000000000e+04
2.110400000000000000e+04
2.029000000000000000e+04
1.955700000000000000e+04
1.889400000000000000e+04
1.829000000000000000e+04
1.773600000000000000e+04
1.722600000000000000e+04
1.675900000000000000e+04
1.632100000000000000e+04
1.591500000000000000e+04
1.553700000000000000e+04
1.518200000000000000e+04
1.485100000000000000e+04
1.453600000000000000e+04
1.424100000000000000e+04
1.396000000000000000e+04
1.369500000000000000e+04
1.344200000000000000e+04
1.320300000000000000e+04
1.297700000000000000e+04
1.275800000000000000e+04
1.255100000000000000e+04
1.235600000000000000e+04
1.216500000000000000e+04
1.198700000000000000e+04
1.181000000000000000e+04
1.164700000000000000e+04
1.148500000000000000e+04
1.133300000000000000e+04
1.118400000000000000e+04
1.104500000000000000e+04
1.090900000000000000e+04
1.077500000000000000e+04
1.064900000000000000e+04
1.053000000000000000e+04
1.041000000000000000e+04
1.029700000000000000e+04
1.018800000000000000e+04
1.008200000000000000e+04
9.980000000000000000e+03
9.881000000000000000e+03
9.787000000000000000e+03
9.696000000000000000e+03
9.609000000000000000e+03
9.522000000000000000e+03
9.443000000000000000e+03
9.361000000000000000e+03
9.286000000000000000e+03
9.212000000000000000e+03
9.142000000000000000e+03
9.072000000000000000e+03
9.007000000000000000e+03
8.942000000000000000e+03
8.882000000000000000e+03
8.826000000000000000e+03
8.768000000000000000e+03
8.719000000000000000e+03
8.719000000000000000e+03
8.719000000000000000e+03
8.719000000000000000e+03
8.719000000000000000e+03
8.719000000000000000e+03
8.719000000000000000e+03
8.719000000000000000e+03
8.719000000000000000e+03
8.719000000000000000e+03
8.719000000000000000e+03
8.719000000000000000e+03
8.719000000000000000e+03
8.719000000000000000e+03
8.719000000000000000e+03
8.719000000000000000e+03
8.719000000000000000e+03
8.719000000000000000e+03
8.719000000000000000e+03
8.719000000000000000e+03
8.719000000000000000e+03
8.719000000000000000e+03
8.719000000000000000e+03
8.719000000000000000e+03
8.719000000000000000e+03
8.719000000000000000e+03
8.719000000000000000e+03
8.719000000000000000e+03
8.719000000000000000e+03
8.719000000000000000e+03
8.719000000000000000e+03
1.000000000000000000e+00
3.700000000000000000e+01
4.200000000000000000e+01
4.900000000000000000e+01
5.800000000000000000e+01
7.300000000000000000e+01
9.600000000000000000e+01
1.440000000000000000e+02
2.860000000000000000e+02
2.582600000000000000e+04
2.433700000000000000e+04
2.303500000000000000e+04
2.190500000000000000e+04
2.091400000000000000e+04
2.004100000000000000e+04
1.926200000000000000e+04
1.856400000000000000e+04
1.793200000000000000e+04
1.735600000000000000e+04
1.682900000000000000e+04
1.634600000000000000e+04
1.590000000000000000e+04
1.548400000000000000e+04
1.510300000000000000e+04
1.474100000000000000e+04
1.440800000000000000e+04
1.409100000000000000e+04
1.379500000000000000e+04
1.351600000000000000e+04
1.325300000000000000e+04
1.300200000000000000e+04
1.276600000000000000e+04
1.253900000000000000e+04
1.232500000000000000e+04
1.212100000000000000e+04
1.192800000000000000e+04
1.174200000000000000e+04
1.156500000000000000e+04
1.139600000000000000e+04
1.123500000000000000e+04
1.107600000000000000e+04
1.092900000000000000e+04
1.078500000000000000e+04
1.064700000000000000e+04
1.051400000000000000e+04
1.038800000000000000e+04
1.026500000000000000e+04
1.014800000000000000e+04
1.003400000000000000e+04
9.926000000000000000e+03
9.818000000000000000e+03
9.717000000000000000e+03
9.620000000000000000e+03
9.526000000000000000e+03
9.435000000000000000e+03
9.348000000000000000e+03
9.260000000000000000e+03
9.180000000000000000e+03
9.100000000000000000e+03
9.024000000000000000e+03
8.952000000000000000e+03
8.880000000000000000e+03
8.811000000000000000e+03
8.747000000000000000e+03
8.683000000000000000e+03
8.623000000000000000e+03
8.564000000000000000e+03
8.508000000000000000e+03
8.454000000000000000e+03
8.404000000000000000e+03
8.355000000000000000e+03
8.333000000000000000e+03
8.333000000000000000e+03
8.333000000000000000e+03
8.333000000000000000e+03
8.333000000000000000e+03
8.333000000000000000e+03
8.333000000000000000e+03
8.333000000000000000e+03
8.333000000000000000e+03
8.333000000000000000e+03
8.333000000000000000e+03
8.333000000000000000e+03
8.333000000000000000e+03
8.333000000000000000e+03
8.333000000000000000e+03
8.333000000000000000e+03
8.333000000000000000e+03
8.333000000000000000e+03
8.333000000000000000e+03
8.333000000000000000e+03
8.333000000000000000e+03
8.333000000000000000e+03
8.333000000000000000e+03
8.333000000000000000e+03
8.333000000000000000e+03
8.333000000000000000e+03
8.333000000000000000e+03
8.333000000000000000e+03
8.333000000000000000e+03
8.333000000000000000e+03
1.000000000000000000e+00
3.200000000000000000e+01
3.600000000000000000e+01
4.200000000000000000e+01
4.800000000000000000e+01
5.800000000000000000e+01
7.200000000000000000e+01
9.600000000000000000e+01
1.440000000000000000e+02
2.850000000000000000e+02
2.319300000000000000e+04
2.198800000000000000e+04
2.091700000000000000e+04
1.997400000000000000e+04
1.913700000000000000e+04
1.839200000000000000e+04
1.772300000000000000e+04
1.711800000000000000e+04
1.656500000000000000e+04
1.606400000000000000e+04
1.560200000000000000e+04
1.517400000000000000e+04
1.478000000000000000e+04
1.441300000000000000e+04
1.407100000000000000e+04
1.374900000000000000e+04
1.345000000000000000e+04
1.316800000000000000e+04
1.290100000000000000e+04
1.265100000000000000e+04
1.241400000000000000e+04
1.218900000000000000e+04
1.197500000000000000e+04
1.177400000000000000e+04
1.157900000000000000e+04
1.139800000000000000e+04
1.122000000000000000e+04
1.105400000000000000e+04
1.089200000000000000e+04
1.074100000000000000e+04
1.059200000000000000e+04
1.045100000000000000e+04
1.031600000000000000e+04
1.018700000000000000e+04
1.006300000000000000e+04
9.942000000000000000e+03
9.827000000000000000e+03
9.717000000000000000e+03
9.611000000000000000e+03
9.507000000000000000e+03
9.410000000000000000e+03
9.313000000000000000e+03
9.222000000000000000e+03
9.134000000000000000e+03
9.046000000000000000e+03
8.965000000000000000e+03
8.887000000000000000e+03
8.809000000000000000e+03
8.735000000000000000e+03
8.664000000000000000e+03
8.594000000000000000e+03
8.530000000000000000e+03
8.466000000000000000e+03
8.403000000000000000e+03
8.344000000000000000e+03
8.288000000000000000e+03
8.233000000000000000e+03
8.179000000000000000e+03
8.131000000000000000e+03
8.082000000000000000e+03
8.036000000000000000e+03
7.996000000000000000e+03
7.996000000000000000e+03
7.996000000000000000e+03
7.996000000000000000e+03
7.996000000000000000e+03
7.996000000000000000e+03
7.996000000000000000e+03
7.996000000000000000e+03
7.996000000000000000e+03
7.996000000000000000e+03
7.996000000000000000e+03
7.996000000000000000e+03
7.996000000000000000e+03
7.996000000000000000e+03
7.996000000000000000e+03
7.996000000000000000e+03
7.996000000000000000e+03
7.996000000000000000e+03
7.996000000000000000e+03
7.996000000000000000e+03
7.996000000000000000e+03
7.996000000000000000e+03
7.996000000000000000e+03
7.996000000000000000e+03
7.996000000000000000e+03
7.996000000000000000e+03
7.996000000000000000e+03
7.996000000000000000e+03
7.996000000000000000e+03
7.996000000000000000e+03
1.000000000000000000e+00
2.900000000000000000e+01
3.200000000000000000e+01
3.600000000000000000e+01
4.100000000000000000e+01
4.800000000000000000e+01
5.800000000000000000e+01
7.200000000000000000e+01
9.600000000000000000e+01
1.430000000000000000e+02
2.840000000000000000e+02
2.104000000000000000e+04
2.004800000000000000e+04
1.915300000000000000e+04
1.835300000000000000e+04
1.764000000000000000e+04
1.699700000000000000e+04
1.641500000000000000e+04
1.588600000000000000e+04
1.540300000000000000e+04
1.496100000000000000e+04
1.455000000000000000e+04
1.417300000000000000e+04
1.382100000000000000e+04
1.349300000000000000e+04
1.318500000000000000e+04
1.289800000000000000e+04
1.263000000000000000e+04
1.237400000000000000e+04
1.213600000000000000e+04
1.190900000000000000e+04
1.169500000000000000e+04
1.149000000000000000e+04
1.129700000000000000e+04
1.111200000000000000e+04
1.093800000000000000e+04
1.077000000000000000e+04
1.061300000000000000e+04
1.046000000000000000e+04
1.031500000000000000e+04
1.017400000000000000e+04
1.003900000000000000e+04
9.911000000000000000e+03
9.789000000000000000e+03
9.670000000000000000e+03
9.559000000000000000e+03
9.447000000000000000e+03
9.344000000000000000e+03
9.241000000000000000e+03
9.144000000000000000e+03
9.052000000000000000e+03
8.961000000000000000e+03
8.875000000000000000e+03
8.790000000000000000e+03
8.711000000000000000e+03
8.631000000000000000e+03
8.558000000000000000e+03
8.486000000000000000e+03
8.416000000000000000e+03
8.347000000000000000e+03
8.284000000000000000e+03
8.221000000000000000e+03
8.161000000000000000e+03
8.103000000000000000e+03
8.047000000000000000e+03
7.992000000000000000e+03
7.941000000000000000e+03
7.893000000000000000e+03
7.845000000000000000e+03
7.799000000000000000e+03
7.756000000000000000e+03
7.718000000000000000e+03
7.700000000000000000e+03
7.700000000000000000e+03
7.700000000000000000e+03
7.700000000000000000e+03
7.700000000000000000e+03
7.700000000000000000e+03
7.700000000000000000e+03
7.700000000000000000e+03
7.700000000000000000e+03
7.700000000000000000e+03
7.700000000000000000e+03
7.700000000000000000e+03
7.700000000000000000e+03
7.700000000000000000e+03
7.700000000000000000e+03
7.700000000000000000e+03
7.700000000000000000e+03
7.700000000000000000e+03
7.700000000000000000e+03
7.700000000000000000e+03
7.700000000000000000e+03
7.700000000000000000e+03
7.700000000000000000e+03
7.700000000000000000e+03
7.700000000000000000e+03
7.700000000000000000e+03
7.700000000000000000e+03
7.700000000000000000e+03
7.700000000000000000e+03
1.000000000000000000e+00
2.600000000000000000e+01
2.900000000000000000e+01
3.200000000000000000e+01
3.600000000000000000e+01
4.100000000000000000e+01
4.800000000000000000e+01
5.800000000000000000e+01
7.200000000000000000e+01
9.500000000000000000e+01
1.430000000000000000e+02
2.830000000000000000e+02
1.924400000000000000e+04
1.841500000000000000e+04
1.765600000000000000e+04
1.697300000000000000e+04
1.635600000000000000e+04
1.579800000000000000e+04
1.528900000000000000e+04
1.482500000000000000e+04
1.439800000000000000e+04
1.400300000000000000e+04
1.363800000000000000e+04
1.329900000000000000e+04
1.298400000000000000e+04
1.268900000000000000e+04
1.241300000000000000e+04
1.215500000000000000e+04
1.191100000000000000e+04
1.167900000000000000e+04
1.146300000000000000e+04
1.125700000000000000e+04
1.106100000000000000e+04
1.087700000000000000e+04
1.069900000000000000e+04
1.053400000000000000e+04
1.037400000000000000e+04
1.021900000000000000e+04
1.007400000000000000e+04
9.936000000000000000e+03
9.803000000000000000e+03
9.674000000000000000e+03
9.551000000000000000e+03
9.435000000000000000e+03
9.322000000000000000e+03
9.214000000000000000e+03
9.111000000000000000e+03
9.011000000000000000e+03
8.914000000000000000e+03
8.822000000000000000e+03
8.732000000000000000e+03
8.646000000000000000e+03
8.565000000000000000e+03
8.484000000000000000e+03
8.407000000000000000e+03
8.335000000000000000e+03
8.263000000000000000e+03
8.194000000000000000e+03
8.129000000000000000e+03
8.063000000000000000e+03
8.001000000000000000e+03
7.942000000000000000e+03
7.886000000000000000e+03
7.831000000000000000e+03
7.779000000000000000e+03
7.727000000000000000e+03
7.678000000000000000e+03
7.633000000000000000e+03
7.589000000000000000e+03
7.545000000000000000e+03
7.505000000000000000e+03
7.466000000000000000e+03
7.431000000000000000e+03
7.431000000000000000e+03
7.431000000000000000e+03
7.431000000000000000e+03
7.431000000000000000e+03
7.431000000000000000e+03
7.431000000000000000e+03
7.431000000000000000e+03
7.431000000000000000e+03
7.431000000000000000e+03
7.431000000000000000e+03
7.431000000000000000e+03
7.431000000000000000e+03
7.431000000000000000e+03
7.431000000000000000e+03
7.431000000000000000e+03
7.431000000000000000e+03
7.431000000000000000e+03
7.431000000000000000e+03
7.431000000000000000e+03
7.431000000000000000e+03
7.431000000000000000e+03
7.431000000000000000e+03
7.431000000000000000e+03
7.431000000000000000e+03
7.431000000000000000e+03
7.431000000000000000e+03
7.431000000000000000e+03
7.431000000000000000e+03
1.000000000000000000e+00
2.400000000000000000e+01
2.600000000000000000e+01
2.900000000000000000e+01
3.200000000000000000e+01
3.600000000000000000e+01
4.100000000000000000e+01
4.800000000000000000e+01
5.700000000000000000e+01
7.100000000000000000e+01
9.500000000000000000e+01
1.420000000000000000e+02
2.810000000000000000e+02
1.772500000000000000e+04
1.702300000000000000e+04
1.637300000000000000e+04
1.578300000000000000e+04
1.524700000000000000e+04
1.475600000000000000e+04
1.430900000000000000e+04
1.389600000000000000e+04
1.351600000000000000e+04
1.316400000000000000e+04
1.283700000000000000e+04
1.253400000000000000e+04
1.225000000000000000e+04
1.198400000000000000e+04
1.173400000000000000e+04
1.149800000000000000e+04
1.127700000000000000e+04
1.106700000000000000e+04
1.087000000000000000e+04
1.068100000000000000e+04
1.050300000000000000e+04
1.033300000000000000e+04
1.017200000000000000e+04
1.002000000000000000e+04
9.872000000000000000e+03
9.734000000000000000e+03
9.600000000000000000e+03
9.473000000000000000e+03
9.350000000000000000e+03
9.233000000000000000e+03
9.120000000000000000e+03
9.012000000000000000e+03
8.907000000000000000e+03
8.809000000000000000e+03
8.714000000000000000e+03
8.621000000000000000e+03
8.531000000000000000e+03
8.446000000000000000e+03
8.364000000000000000e+03
8.285000000000000000e+03
8.211000000000000000e+03
8.137000000000000000e+03
8.066000000000000000e+03
7.998000000000000000e+03
7.933000000000000000e+03
7.869000000000000000e+03
7.809000000000000000e+03
7.750000000000000000e+03
7.694000000000000000e+03
7.639000000000000000e+03
7.586000000000000000e+03
7.537000000000000000e+03
7.488000000000000000e+03
7.442000000000000000e+03
7.397000000000000000e+03
7.355000000000000000e+03
7.313000000000000000e+03
7.275000000000000000e+03
7.238000000000000000e+03
7.205000000000000000e+03
7.189000000000000000e+03
7.189000000000000000e+03
7.189000000000000000e+03
7.189000000000000000e+03
7.189000000000000000e+03
7.189000000000000000e+03
7.189000000000000000e+03
7.189000000000000000e+03
7.189000000000000000e+03
7.189000000000000000e+03
7.189000000000000000e+03
7.189000000000000000e+03
7.189000000000000000e+03
7.189000000000000000e+03
7.189000000000000000e+03
7.189000000000000000e+03
7.189000000000000000e+03
7.189000000000000000e+03
7.189000000000000000e+03
7.189000000000000000e+03
7.189000000000000000e+03
7.189000000000000000e+03
7.189000000000000000e+03
7.189000000000000000e+03
7.189000000000000000e+03
7.189000000000000000e+03
7.189000000000000000e+03
7.189000000000000000e+03
1.000000000000000000e+00
2.200000000000000000e+01
2.400000000000000000e+01
2.600000000000000000e+01
2.900000000000000000e+01
3.200000000000000000e+01
3.600000000000000000e+01
4.100000000000000000e+01
4.800000000000000000e+01
5.700000000000000000e+01
7.100000000000000000e+01
9.500000000000000000e+01
1.410000000000000000e+02
2.800000000000000000e+02
1.642400000000000000e+04
1.582200000000000000e+04
1.526000000000000000e+04
1.474600000000000000e+04
1.427500000000000000e+04
1.384400000000000000e+04
1.344600000000000000e+04
1.307900000000000000e+04
1.273900000000000000e+04
1.242300000000000000e+04
1.212900000000000000e+04
1.185400000000000000e+04
1.159800000000000000e+04
1.135600000000000000e+04
1.112800000000000000e+04
1.091500000000000000e+04
1.071200000000000000e+04
1.052000000000000000e+04
1.033900000000000000e+04
1.016800000000000000e+04
1.000600000000000000e+04
9.849000000000000000e+03
9.701000000000000000e+03
9.560000000000000000e+03
9.425000000000000000e+03
9.296000000000000000e+03
9.173000000000000000e+03
9.056000000000000000e+03
8.943000000000000000e+03
8.835000000000000000e+03
8.730000000000000000e+03
8.632000000000000000e+03
8.536000000000000000e+03
8.443000000000000000e+03
8.354000000000000000e+03
8.271000000000000000e+03
8.190000000000000000e+03
8.109000000000000000e+03
8.034000000000000000e+03
7.961000000000000000e+03
7.890000000000000000e+03
7.823000000000000000e+03
7.758000000000000000e+03
7.696000000000000000e+03
7.634000000000000000e+03
7.578000000000000000e+03
7.522000000000000000e+03
7.466000000000000000e+03
7.416000000000000000e+03
7.366000000000000000e+03
7.316000000000000000e+03
7.270000000000000000e+03
7.226000000000000000e+03
7.183000000000000000e+03
7.143000000000000000e+03
7.104000000000000000e+03
7.065000000000000000e+03
7.030000000000000000e+03
6.998000000000000000e+03
6.968000000000000000e+03
6.968000000000000000e+03
6.968000000000000000e+03
6.968000000000000000e+03
6.968000000000000000e+03
6.968000000000000000e+03
6.968000000000000000e+03
6.968000000000000000e+03
6.968000000000000000e+03
6.968000000000000000e+03
6.968000000000000000e+03
6.968000000000000000e+03
6.968000000000000000e+03
6.968000000000000000e+03
6.968000000000000000e+03
6.968000000000000000e+03
6.968000000000000000e+03
6.968000000000000000e+03
6.968000000000000000e+03
6.968000000000000000e+03
6.968000000000000000e+03
6.968000000000000000e+03
6.968000000000000000e+03
6.968000000000000000e+03
6.968000000000000000e+03
6.968000000000000000e+03
6.968000000000000000e+03
6.968000000000000000e+03
1.000000000000000000e+00
2.100000000000000000e+01
2.200000000000000000e+01
2.400000000000000000e+01
2.600000000000000000e+01
2.900000000000000000e+01
3.200000000000000000e+01
3.600000000000000000e+01
4.100000000000000000e+01
4.800000000000000000e+01
5.700000000000000000e+01
7.100000000000000000e+01
9.400000000000000000e+01
1.410000000000000000e+02
2.790000000000000000e+02
1.529500000000000000e+04
1.477500000000000000e+04
1.428500000000000000e+04
1.383400000000000000e+04
1.341800000000000000e+04
1.303400000000000000e+04
1.268000000000000000e+04
1.235000000000000000e+04
1.204400000000000000e+04
1.176100000000000000e+04
1.149500000000000000e+04
1.124600000000000000e+04
1.101100000000000000e+04
1.079200000000000000e+04
1.058500000000000000e+04
1.038900000000000000e+04
1.020400000000000000e+04
1.002900000000000000e+04
9.863000000000000000e+03
9.704000000000000000e+03
9.554000000000000000e+03
9.412000000000000000e+03
9.274000000000000000e+03
9.144000000000000000e+03
9.019000000000000000e+03
8.900000000000000000e+03
8.788000000000000000e+03
8.678000000000000000e+03
8.575000000000000000e+03
8.474000000000000000e+03
8.377000000000000000e+03
8.285000000000000000e+03
8.198000000000000000e+03
8.111000000000000000e+03
8.031000000000000000e+03
7.952000000000000000e+03
7.877000000000000000e+03
7.802000000000000000e+03
7.732000000000000000e+03
7.665000000000000000e+03
7.601000000000000000e+03
7.536000000000000000e+03
7.477000000000000000e+03
7.418000000000000000e+03
7.362000000000000000e+03
7.308000000000000000e+03
7.258000000000000000e+03
7.207000000000000000e+03
7.159000000000000000e+03
7.112000000000000000e+03
7.068000000000000000e+03
7.026000000000000000e+03
6.985000000000000000e+03
6.945000000000000000e+03
6.907000000000000000e+03
6.873000000000000000e+03
6.839000000000000000e+03
6.806000000000000000e+03
6.777000000000000000e+03
6.763000000000000000e+03
6.763000000000000000e+03
6.763000000000000000e+03
6.763000000000000000e+03
6.763000000000000000e+03
6.763000000000000000e+03
6.763000000000000000e+03
6.763000000000000000e+03
6.763000000000000000e+03
6.763000000000000000e+03
6.763000000000000000e+03
6.763000000000000000e+03
6.763000000000000000e+03
6.763000000000000000e+03
6.763000000000000000e+03
6.763000000000000000e+03
6.763000000000000000e+03
6.763000000000000000e+03
6.763000000000000000e+03
6.763000000000000000e+03
6.763000000000000000e+03
6.763000000000000000e+03
6.763000000000000000e+03
6.763000000000000000e+03
6.763000000000000000e+03
6.763000000000000000e+03
6.763000000000000000e+03
1.000000000000000000e+00
1.900000000000000000e+01
2.100000000000000000e+01
2.200000000000000000e+01
2.400000000000000000e+01
2.600000000000000000e+01
2.900000000000000000e+01
3.200000000000000000e+01
3.600000000000000000e+01
4.100000000000000000e+01
4.700000000000000000e+01
5.700000000000000000e+01
7.100000000000000000e+01
9.400000000000000000e+01
1.400000000000000000e+02
2.780000000000000000e+02
1.430800000000000000e+04
1.385400000000000000e+04
1.342500000000000000e+04
1.302600000000000000e+04
1.265600000000000000e+04
1.231400000000000000e+04
1.199600000000000000e+04
1.170000000000000000e+04
1.142400000000000000e+04
1.116600000000000000e+04
1.092400000000000000e+04
1.069800000000000000e+04
1.048400000000000000e+04
1.028300000000000000e+04
1.009500000000000000e+04
9.916000000000000000e+03
9.746000000000000000e+03
9.583000000000000000e+03
9.431000000000000000e+03
9.286000000000000000e+03
9.147000000000000000e+03
9.014000000000000000e+03
8.888000000000000000e+03
8.769000000000000000e+03
8.653000000000000000e+03
8.543000000000000000e+03
8.437000000000000000e+03
8.337000000000000000e+03
8.240000000000000000e+03
8.147000000000000000e+03
8.057000000000000000e+03
7.971000000000000000e+03
7.890000000000000000e+03
7.811000000000000000e+03
7.735000000000000000e+03
7.663000000000000000e+03
7.591000000000000000e+03
7.524000000000000000e+03
7.458000000000000000e+03
7.396000000000000000e+03
7.336000000000000000e+03
7.277000000000000000e+03
7.221000000000000000e+03
7.167000000000000000e+03
7.115000000000000000e+03
7.065000000000000000e+03
7.016000000000000000e+03
6.971000000000000000e+03
6.926000000000000000e+03
6.883000000000000000e+03
6.841000000000000000e+03
6.802000000000000000e+03
6.765000000000000000e+03
6.729000000000000000e+03
6.694000000000000000e+03
6.662000000000000000e+03
6.630000000000000000e+03
6.602000000000000000e+03
6.575000000000000000e+03
6.575000000000000000e+03
6.575000000000000000e+03
6.575000000000000000e+03
6.575000000000000000e+03
6.575000000000000000e+03
6.575000000000000000e+03
6.575000000000000000e+03
6.575000000000000000e+03
6.575000000000000000e+03
6.575000000000000000e+03
6.575000000000000000e+03
6.575000000000000000e+03
6.575000000000000000e+03
6.575000000000000000e+03
6.575000000000000000e+03
6.575000000000000000e+03
6.575000000000000000e+03
6.575000000000000000e+03
6.575000000000000000e+03
6.575000000000000000e+03
6.575000000000000000e+03
6.575000000000000000e+03
6.575000000000000000e+03
6.575000000000000000e+03
6.575000000000000000e+03
6.575000000000000000e+03
1.000000000000000000e+00
1.800000000000000000e+01
1.900000000000000000e+01
2.100000000000000000e+01
2.200000000000000000e+01
2.400000000000000000e+01
2.600000000000000000e+01
2.900000000000000000e+01
3.200000000000000000e+01
3.600000000000000000e+01
4.100000000000000000e+01
4.700000000000000000e+01
5.600000000000000000e+01
7.000000000000000000e+01
9.400000000000000000e+01
1.400000000000000000e+02
2.770000000000000000e+02
1.343500000000000000e+04
1.303800000000000000e+04
1.265800000000000000e+04
1.230300000000000000e+04
1.197300000000000000e+04
1.166600000000000000e+04
1.138000000000000000e+04
1.111200000000000000e+04
1.086100000000000000e+04
1.062800000000000000e+04
1.040700000000000000e+04
1.020100000000000000e+04
1.000500000000000000e+04
9.821000000000000000e+03
9.648000000000000000e+03
9.482000000000000000e+03
9.326000000000000000e+03
9.176000000000000000e+03
9.037000000000000000e+03
8.901000000000000000e+03
8.773000000000000000e+03
8.650000000000000000e+03
8.534000000000000000e+03
8.422000000000000000e+03
8.316000000000000000e+03
8.214000000000000000e+03
8.116000000000000000e+03
8.022000000000000000e+03
7.931000000000000000e+03
7.846000000000000000e+03
7.763000000000000000e+03
7.683000000000000000e+03
7.607000000000000000e+03
7.533000000000000000e+03
7.462000000000000000e+03
7.393000000000000000e+03
7.329000000000000000e+03
7.265000000000000000e+03
7.205000000000000000e+03
7.146000000000000000e+03
7.089000000000000000e+03
7.035000000000000000e+03
6.983000000000000000e+03
6.934000000000000000e+03
6.885000000000000000e+03
6.839000000000000000e+03
6.793000000000000000e+03
6.750000000000000000e+03
6.709000000000000000e+03
6.668000000000000000e+03
6.631000000000000000e+03
6.595000000000000000e+03
6.559000000000000000e+03
6.527000000000000000e+03
6.494000000000000000e+03
6.465000000000000000e+03
6.436000000000000000e+03
6.410000000000000000e+03
6.398000000000000000e+03
6.398000000000000000e+03
6.398000000000000000e+03
6.398000000000000000e+03
6.398000000000000000e+03
6.398000000000000000e+03
6.398000000000000000e+03
6.398000000000000000e+03
6.398000000000000000e+03
6.398000000000000000e+03
6.398000000000000000e+03
6.398000000000000000e+03
6.398000000000000000e+03
6.398000000000000000e+03
6.398000000000000000e+03
6.398000000000000000e+03
6.398000000000000000e+03
6.398000000000000000e+03
6.398000000000000000e+03
6.398000000000000000e+03
6.398000000000000000e+03
6.398000000000000000e+03
6.398000000000000000e+03
6.398000000000000000e+03
6.398000000000000000e+03
6.398000000000000000e+03
1.000000000000000000e+00
1.700000000000000000e+01
1.800000000000000000e+01
1.900000000000000000e+01
2.000000000000000000e+01
2.200000000000000000e+01
2.400000000000000000e+01
2.600000000000000000e+01
2.800000000000000000e+01
3.200000000000000000e+01
3.500000000000000000e+01
4.000000000000000000e+01
4.700000000000000000e+01
5.600000000000000000e+01
7.000000000000000000e+01
9.300000000000000000e+01
1.390000000000000000e+02
2.750000000000000000e+02
1.266000000000000000e+04
1.230900000000000000e+04
1.197100000000000000e+04
1.165400000000000000e+04
1.135800000000000000e+04
1.108100000000000000e+04
1.082200000000000000e+04
1.057900000000000000e+04
1.035300000000000000e+04
1.013900000000000000e+04
9.938000000000000000e+03
9.748000000000000000e+03
9.569000000000000000e+03
9.400000000000000000e+03
9.238000000000000000e+03
9.087000000000000000e+03
8.943000000000000000e+03
8.806000000000000000e+03
8.674000000000000000e+03
8.551000000000000000e+03
8.431000000000000000e+03
8.318000000000000000e+03
8.210000000000000000e+03
8.105000000000000000e+03
8.007000000000000000e+03
7.911000000000000000e+03
7.820000000000000000e+03
7.732000000000000000e+03
7.648000000000000000e+03
7.568000000000000000e+03
7.491000000000000000e+03
7.416000000000000000e+03
7.345000000000000000e+03
7.276000000000000000e+03
7.210000000000000000e+03
7.147000000000000000e+03
7.086000000000000000e+03
7.026000000000000000e+03
6.969000000000000000e+03
6.915000000000000000e+03
6.863000000000000000e+03
6.813000000000000000e+03
6.763000000000000000e+03
6.716000000000000000e+03
6.671000000000000000e+03
6.629000000000000000e+03
6.587000000000000000e+03
6.546000000000000000e+03
6.508000000000000000e+03
6.471000000000000000e+03
6.435000000000000000e+03
6.402000000000000000e+03
6.370000000000000000e+03
6.339000000000000000e+03
6.310000000000000000e+03
6.282000000000000000e+03
6.256000000000000000e+03
6.232000000000000000e+03
6.232000000000000000e+03
6.232000000000000000e+03
6.232000000000000000e+03
6.232000000000000000e+03
6.232000000000000000e+03
6.232000000000000000e+03
6.232000000000000000e+03
6.232000000000000000e+03
6.232000000000000000e+03
6.232000000000000000e+03
6.232000000000000000e+03
6.232000000000000000e+03
6.232000000000000000e+03
6.232000000000000000e+03
6.232000000000000000e+03
6.232000000000000000e+03
6.232000000000000000e+03
6.232000000000000000e+03
6.232000000000000000e+03
6.232000000000000000e+03
6.232000000000000000e+03
6.232000000000000000e+03
6.232000000000000000e+03
6.232000000000000000e+03
6.232000000000000000e+03
1.000000000000000000e+00
1.600000000000000000e+01
1.700000000000000000e+01
1.800000000000000000e+01
1.900000000000000000e+01
2.000000000000000000e+01
2.200000000000000000e+01
2.400000000000000000e+01
2.600000000000000000e+01
2.800000000000000000e+01
3.100000000000000000e+01
3.500000000000000000e+01
4.000000000000000000e+01
4.700000000000000000e+01
5.600000000000000000e+01
7.000000000000000000e+01
9.300000000000000000e+01
1.390000000000000000e+02
2.740000000000000000e+02
1.196800000000000000e+04
1.165500000000000000e+04
1.135400000000000000e+04
1.106900000000000000e+04
1.080200000000000000e+04
1.055100000000000000e+04
1.031600000000000000e+04
1.009600000000000000e+04
9.888000000000000000e+03
9.692000000000000000e+03
9.508000000000000000e+03
9.334000000000000000e+03
9.169000000000000000e+03
9.014000000000000000e+03
8.865000000000000000e+03
8.724000000000000000e+03
8.590000000000000000e+03
8.463000000000000000e+03
8.343000000000000000e+03
8.227000000000000000e+03
8.116000000000000000e+03
8.010000000000000000e+03
7.910000000000000000e+03
7.813000000000000000e+03
7.720000000000000000e+03
7.633000000000000000e+03
7.548000000000000000e+03
7.465000000000000000e+03
7.388000000000000000e+03
7.313000000000000000e+03
7.240000000000000000e+03
7.171000000000000000e+03
7.103000000000000000e+03
7.039000000000000000e+03
6.977000000000000000e+03
6.919000000000000000e+03
6.862000000000000000e+03
6.807000000000000000e+03
6.752000000000000000e+03
6.702000000000000000e+03
6.654000000000000000e+03
6.606000000000000000e+03
6.561000000000000000e+03
6.517000000000000000e+03
6.475000000000000000e+03
6.435000000000000000e+03
6.395000000000000000e+03
6.357000000000000000e+03
6.322000000000000000e+03
6.288000000000000000e+03
6.256000000000000000e+03
6.224000000000000000e+03
6.193000000000000000e+03
6.165000000000000000e+03
6.138000000000000000e+03
6.113000000000000000e+03
6.089000000000000000e+03
6.078000000000000000e+03
6.078000000000000000e+03
6.078000000000000000e+03
6.078000000000000000e+03
6.078000000000000000e+03
6.078000000000000000e+03
6.078000000000000000e+03
6.078000000000000000e+03
6.078000000000000000e+03
6.078000000000000000e+03
6.078000000000000000e+03
6.078000000000000000e+03
6.078000000000000000e+03
6.078000000000000000e+03
6.078000000000000000e+03
6.078000000000000000e+03
6.078000000000000000e+03
6.078000000000000000e+03
6.078000000000000000e+03
6.078000000000000000e+03
6.078000000000000000e+03
6.078000000000000000e+03
6.078000000000000000e+03
6.078000000000000000e+03
6.078000000000000000e+03
1.000000000000000000e+00
1.500000000000000000e+01
1.600000000000000000e+01
1.700000000000000000e+01
1.800000000000000000e+01
1.900000000000000000e+01
2.000000000000000000e+01
2.200000000000000000e+01
2.400000000000000000e+01
2.600000000000000000e+01
2.800000000000000000e+01
3.100000000000000000e+01
3.500000000000000000e+01
4.000000000000000000e+01
4.700000000000000000e+01
5.600000000000000000e+01
7.000000000000000000e+01
9.300000000000000000e+01
1.380000000000000000e+02
2.730000000000000000e+02
1.134500000000000000e+04
1.106500000000000000e+04
1.079500000000000000e+04
1.053800000000000000e+04
1.029700000000000000e+04
1.006900000000000000e+04
9.855000000000000000e+03
9.654000000000000000e+03
9.463000000000000000e+03
9.284000000000000000e+03
9.115000000000000000e+03
8.955000000000000000e+03
8.802000000000000000e+03
8.658000000000000000e+03
8.521000000000000000e+03
8.391000000000000000e+03
8.266000000000000000e+03
8.149000000000000000e+03
8.036000000000000000e+03
7.929000000000000000e+03
7.826000000000000000e+03
7.728000000000000000e+03
7.634000000000000000e+03
7.543000000000000000e+03
7.457000000000000000e+03
7.375000000000000000e+03
7.294000000000000000e+03
7.219000000000000000e+03
7.145000000000000000e+03
7.075000000000000000e+03
7.008000000000000000e+03
6.942000000000000000e+03
6.880000000000000000e+03
6.820000000000000000e+03
6.763000000000000000e+03
6.707000000000000000e+03
6.654000000000000000e+03
6.601000000000000000e+03
6.552000000000000000e+03
6.504000000000000000e+03
6.458000000000000000e+03
6.414000000000000000e+03
6.372000000000000000e+03
6.331000000000000000e+03
6.292000000000000000e+03
6.254000000000000000e+03
6.218000000000000000e+03
6.182000000000000000e+03
6.149000000000000000e+03
6.118000000000000000e+03
6.087000000000000000e+03
6.057000000000000000e+03
6.030000000000000000e+03
6.003000000000000000e+03
5.979000000000000000e+03
5.956000000000000000e+03
5.935000000000000000e+03
5.935000000000000000e+03
5.935000000000000000e+03
5.935000000000000000e+03
5.935000000000000000e+03
5.935000000000000000e+03
5.935000000000000000e+03
5.935000000000000000e+03
5.935000000000000000e+03
5.935000000000000000e+03
5.935000000000000000e+03
5.935000000000000000e+03
5.935000000000000000e+03
5.935000000000000000e+03
5.935000000000000000e+03
5.935000000000000000e+03
5.935000000000000000e+03
5.935000000000000000e+03
5.935000000000000000e+03
5.935000000000000000e+03
5.935000000000000000e+03
5.935000000000000000e+03
5.935000000000000000e+03
5.935000000000000000e+03
5.935000000000000000e+03
1.000000000000000000e+00
1.400000000000000000e+01
1.500000000000000000e+01
1.600000000000000000e+01
1.700000000000000000e+01
1.800000000000000000e+01
1.900000000000000000e+01
2.000000000000000000e+01
2.200000000000000000e+01
2.400000000000000000e+01
2.600000000000000000e+01
2.800000000000000000e+01
3.100000000000000000e+01
3.500000000000000000e+01
4.000000000000000000e+01
4.700000000000000000e+01
5.600000000000000000e+01
6.900000000000000000e+01
9.200000000000000000e+01
1.370000000000000000e+02
2.720000000000000000e+02
1.077900000000000000e+04
1.052900000000000000e+04
1.028500000000000000e+04
1.005300000000000000e+04
9.833000000000000000e+03
9.626000000000000000e+03
9.431000000000000000e+03
9.246000000000000000e+03
9.071000000000000000e+03
8.907000000000000000e+03
8.751000000000000000e+03
8.602000000000000000e+03
8.462000000000000000e+03
8.329000000000000000e+03
8.201000000000000000e+03
8.080000000000000000e+03
7.966000000000000000e+03
7.855000000000000000e+03
7.750000000000000000e+03
7.650000000000000000e+03
7.554000000000000000e+03
7.463000000000000000e+03
7.374000000000000000e+03
7.290000000000000000e+03
7.210000000000000000e+03
7.132000000000000000e+03
7.058000000000000000e+03
6.986000000000000000e+03
6.918000000000000000e+03
6.852000000000000000e+03
6.789000000000000000e+03
6.728000000000000000e+03
6.670000000000000000e+03
6.614000000000000000e+03
6.558000000000000000e+03
6.507000000000000000e+03
6.457000000000000000e+03
6.408000000000000000e+03
6.362000000000000000e+03
6.317000000000000000e+03
6.274000000000000000e+03
6.232000000000000000e+03
6.192000000000000000e+03
6.155000000000000000e+03
6.118000000000000000e+03
6.082000000000000000e+03
6.048000000000000000e+03
6.016000000000000000e+03
5.985000000000000000e+03
5.955000000000000000e+03
5.927000000000000000e+03
5.899000000000000000e+03
5.874000000000000000e+03
5.850000000000000000e+03
5.827000000000000000e+03
5.806000000000000000e+03
5.796000000000000000e+03
5.796000000000000000e+03
5.796000000000000000e+03
5.796000000000000000e+03
5.796000000000000000e+03
5.796000000000000000e+03
5.796000000000000000e+03
5.796000000000000000e+03
5.796000000000000000e+03
5.796000000000000000e+03
5.796000000000000000e+03
5.796000000000000000e+03
5.796000000000000000e+03
5.796000000000000000e+03
5.796000000000000000e+03
5.796000000000000000e+03
5.796000000000000000e+03
5.796000000000000000e+03
5.796000000000000000e+03
5.796000000000000000e+03
5.796000000000000000e+03
5.796000000000000000e+03
5.796000000000000000e+03
5.796000000000000000e+03
1.000000000000000000e+00
1.400000000000000000e+01
1.400000000000000000e+01
1.500000000000000000e+01
1.600000000000000000e+01
1.700000000000000000e+01
1.800000000000000000e+01
1.900000000000000000e+01
2.000000000000000000e+01
2.200000000000000000e+01
2.300000000000000000e+01
2.600000000000000000e+01
2.800000000000000000e+01
3.100000000000000000e+01
3.500000000000000000e+01
4.000000000000000000e+01
4.600000000000000000e+01
5.500000000000000000e+01
6.900000000000000000e+01
9.200000000000000000e+01
1.370000000000000000e+02
2.710000000000000000e+02
1.026600000000000000e+04
1.004100000000000000e+04
9.820000000000000000e+03
9.609000000000000000e+03
9.409000000000000000e+03
9.220000000000000000e+03
9.041000000000000000e+03
8.871000000000000000e+03
8.711000000000000000e+03
8.558000000000000000e+03
8.414000000000000000e+03
8.278000000000000000e+03
8.148000000000000000e+03
8.024000000000000000e+03
7.906000000000000000e+03
7.794000000000000000e+03
7.686000000000000000e+03
7.584000000000000000e+03
7.485000000000000000e+03
7.392000000000000000e+03
7.303000000000000000e+03
7.216000000000000000e+03
7.135000000000000000e+03
7.056000000000000000e+03
6.980000000000000000e+03
6.908000000000000000e+03
6.838000000000000000e+03
6.772000000000000000e+03
6.708000000000000000e+03
6.645000000000000000e+03
6.586000000000000000e+03
6.529000000000000000e+03
6.473000000000000000e+03
6.421000000000000000e+03
6.370000000000000000e+03
6.321000000000000000e+03
6.274000000000000000e+03
6.229000000000000000e+03
6.185000000000000000e+03
6.142000000000000000e+03
6.103000000000000000e+03
6.064000000000000000e+03
6.026000000000000000e+03
5.990000000000000000e+03
5.956000000000000000e+03
5.923000000000000000e+03
5.892000000000000000e+03
5.861000000000000000e+03
5.832000000000000000e+03
5.804000000000000000e+03
5.778000000000000000e+03
5.753000000000000000e+03
5.729000000000000000e+03
5.707000000000000000e+03
5.686000000000000000e+03
5.667000000000000000e+03
5.666000000000000000e+03
5.666000000000000000e+03
5.666000000000000000e+03
5.666000000000000000e+03
5.666000000000000000e+03
5.666000000000000000e+03
5.666000000000000000e+03
5.666000000000000000e+03
5.666000000000000000e+03
5.666000000000000000e+03
5.666000000000000000e+03
5.666000000000000000e+03
5.666000000000000000e+03
5.666000000000000000e+03
5.666000000000000000e+03
5.666000000000000000e+03
5.666000000000000000e+03
5.666000000000000000e+03
5.666000000000000000e+03
5.666000000000000000e+03
5.666000000000000000e+03
5.666000000000000000e+03
5.666000000000000000e+03
1.000000000000000000e+00
1.300000000000000000e+01
1.400000000000000000e+01
1.400000000000000000e+01
1.500000000000000000e+01
1.600000000000000000e+01
1.700000000000000000e+01
1.800000000000000000e+01
1.900000000000000000e+01
2.000000000000000000e+01
2.200000000000000000e+01
2.300000000000000000e+01
2.500000000000000000e+01
2.800000000000000000e+01
3.100000000000000000e+01
3.500000000000000000e+01
4.000000000000000000e+01
4.600000000000000000e+01
5.500000000000000000e+01
6.900000000000000000e+01
9.100000000000000000e+01
1.360000000000000000e+02
2.690000000000000000e+02
9.797000000000000000e+03
9.593000000000000000e+03
9.393000000000000000e+03
9.200000000000000000e+03
9.018000000000000000e+03
8.844000000000000000e+03
8.680000000000000000e+03
8.524000000000000000e+03
8.376000000000000000e+03
8.235000000000000000e+03
8.101000000000000000e+03
7.975000000000000000e+03
7.853000000000000000e+03
7.738000000000000000e+03
7.629000000000000000e+03
7.524000000000000000e+03
7.424000000000000000e+03
7.329000000000000000e+03
7.237000000000000000e+03
7.150000000000000000e+03
7.066000000000000000e+03
6.985000000000000000e+03
6.908000000000000000e+03
6.835000000000000000e+03
6.763000000000000000e+03
6.695000000000000000e+03
6.631000000000000000e+03
6.567000000000000000e+03
6.507000000000000000e+03
6.450000000000000000e+03
6.394000000000000000e+03
6.339000000000000000e+03
6.289000000000000000e+03
6.238000000000000000e+03
6.190000000000000000e+03
6.144000000000000000e+03
6.100000000000000000e+03
6.058000000000000000e+03
6.016000000000000000e+03
5.977000000000000000e+03
5.939000000000000000e+03
5.902000000000000000e+03
5.867000000000000000e+03
5.834000000000000000e+03
5.802000000000000000e+03
5.771000000000000000e+03
5.741000000000000000e+03
5.713000000000000000e+03
5.686000000000000000e+03
5.659000000000000000e+03
5.635000000000000000e+03
5.611000000000000000e+03
5.590000000000000000e+03
5.569000000000000000e+03
5.551000000000000000e+03
5.540000000000000000e+03
5.540000000000000000e+03
5.540000000000000000e+03
5.540000000000000000e+03
5.540000000000000000e+03
5.540000000000000000e+03
5.540000000000000000e+03
5.540000000000000000e+03
5.540000000000000000e+03
5.540000000000000000e+03
5.540000000000000000e+03
5.540000000000000000e+03
5.540000000000000000e+03
5.540000000000000000e+03
5.540000000000000000e+03
5.540000000000000000e+03
5.540000000000000000e+03
5.540000000000000000e+03
5.540000000000000000e+03
5.540000000000000000e+03
5.540000000000000000e+03
5.540000000000000000e+03
5.540000000000000000e+03
1.000000000000000000e+00
1.200000000000000000e+01
1.300000000000000000e+01
1.400000000000000000e+01
1.400000000000000000e+01
1.500000000000000000e+01
1.600000000000000000e+01
1.700000000000000000e+01
1.800000000000000000e+01
1.900000000000000000e+01
2.000000000000000000e+01
2.200000000000000000e+01
2.300000000000000000e+01
2.500000000000000000e+01
2.800000000000000000e+01
3.100000000000000000e+01
3.500000000000000000e+01
4.000000000000000000e+01
4.600000000000000000e+01
5.500000000000000000e+01
6.900000000000000000e+01
9.100000000000000000e+01
1.360000000000000000e+02
2.680000000000000000e+02
9.368000000000000000e+03
9.183000000000000000e+03
9.000000000000000000e+03
8.825000000000000000e+03
8.657000000000000000e+03
8.497000000000000000e+03
8.346000000000000000e+03
8.202000000000000000e+03
8.065000000000000000e+03
7.935000000000000000e+03
7.811000000000000000e+03
7.693000000000000000e+03
7.581000000000000000e+03
7.474000000000000000e+03
7.371000000000000000e+03
7.274000000000000000e+03
7.181000000000000000e+03
7.091000000000000000e+03
7.006000000000000000e+03
6.924000000000000000e+03
6.845000000000000000e+03
6.770000000000000000e+03
6.698000000000000000e+03
6.628000000000000000e+03
6.562000000000000000e+03
6.498000000000000000e+03
6.437000000000000000e+03
6.378000000000000000e+03
6.322000000000000000e+03
6.267000000000000000e+03
6.214000000000000000e+03
6.163000000000000000e+03
6.115000000000000000e+03
6.068000000000000000e+03
6.023000000000000000e+03
5.980000000000000000e+03
5.938000000000000000e+03
5.899000000000000000e+03
5.860000000000000000e+03
5.822000000000000000e+03
5.787000000000000000e+03
5.752000000000000000e+03
5.720000000000000000e+03
5.688000000000000000e+03
5.657000000000000000e+03
5.628000000000000000e+03
5.601000000000000000e+03
5.575000000000000000e+03
5.549000000000000000e+03
5.525000000000000000e+03
5.502000000000000000e+03
5.480000000000000000e+03
5.460000000000000000e+03
5.442000000000000000e+03
5.424000000000000000e+03
5.423000000000000000e+03
5.423000000000000000e+03
5.423000000000000000e+03
5.423000000000000000e+03
5.423000000000000000e+03
5.423000000000000000e+03
5.423000000000000000e+03
5.423000000000000000e+03
5.423000000000000000e+03
5.423000000000000000e+03
5.423000000000000000e+03
5.423000000000000000e+03
5.423000000000000000e+03
5.423000000000000000e+03
5.423000000000000000e+03
5.423000000000000000e+03
5.423000000000000000e+03
5.423000000000000000e+03
5.423000000000000000e+03
5.423000000000000000e+03
5.423000000000000000e+03
5.423000000000000000e+03
1.000000000000000000e+00
1.200000000000000000e+01
1.200000000000000000e+01
1.300000000000000000e+01
1.300000000000000000e+01
1.400000000000000000e+01
1.500000000000000000e+01
1.600000000000000000e+01
1.700000000000000000e+01
1.800000000000000000e+01
1.900000000000000000e+01
2.000000000000000000e+01
2.100000000000000000e+01
2.300000000000000000e+01
2.500000000000000000e+01
2.800000000000000000e+01
3.100000000000000000e+01
3.500000000000000000e+01
3.900000000000000000e+01
4.600000000000000000e+01
5.500000000000000000e+01
6.800000000000000000e+01
9.100000000000000000e+01
1.350000000000000000e+02
2.670000000000000000e+02
8.972000000000000000e+03
8.804000000000000000e+03
8.637000000000000000e+03
8.476000000000000000e+03
8.322000000000000000e+03
8.175000000000000000e+03
8.035000000000000000e+03
7.902000000000000000e+03
7.775000000000000000e+03
7.655000000000000000e+03
7.539000000000000000e+03
7.430000000000000000e+03
7.325000000000000000e+03
7.225000000000000000e+03
7.130000000000000000e+03
7.038000000000000000e+03
6.951000000000000000e+03
6.867000000000000000e+03
6.787000000000000000e+03
6.710000000000000000e+03
6.637000000000000000e+03
6.566000000000000000e+03
6.499000000000000000e+03
6.433000000000000000e+03
6.371000000000000000e+03
6.311000000000000000e+03
6.253000000000000000e+03
6.198000000000000000e+03
6.144000000000000000e+03
6.093000000000000000e+03
6.044000000000000000e+03
5.996000000000000000e+03
5.950000000000000000e+03
5.907000000000000000e+03
5.864000000000000000e+03
5.822000000000000000e+03
5.784000000000000000e+03
5.746000000000000000e+03
5.710000000000000000e+03
5.675000000000000000e+03
5.642000000000000000e+03
5.609000000000000000e+03
5.578000000000000000e+03
5.548000000000000000e+03
5.520000000000000000e+03
5.493000000000000000e+03
5.467000000000000000e+03
5.442000000000000000e+03
5.419000000000000000e+03
5.396000000000000000e+03
5.374000000000000000e+03
5.354000000000000000e+03
5.336000000000000000e+03
5.319000000000000000e+03
5.309000000000000000e+03
5.309000000000000000e+03
5.309000000000000000e+03
5.309000000000000000e+03
5.309000000000000000e+03
5.309000000000000000e+03
5.309000000000000000e+03
5.309000000000000000e+03
5.309000000000000000e+03
5.309000000000000000e+03
5.309000000000000000e+03
5.309000000000000000e+03
5.309000000000000000e+03
5.309000000000000000e+03
5.309000000000000000e+03
5.309000000000000000e+03
5.309000000000000000e+03
5.309000000000000000e+03
5.309000000000000000e+03
5.309000000000000000e+03
5.309000000000000000e+03
5.309000000000000000e+03
1.000000000000000000e+00
1.100000000000000000e+01
1.200000000000000000e+01
1.200000000000000000e+01
1.300000000000000000e+01
1.300000000000000000e+01
1.400000000000000000e+01
1.500000000000000000e+01
1.600000000000000000e+01
1.600000000000000000e+01
1.700000000000000000e+01
1.900000000000000000e+01
2.000000000000000000e+01
2.100000000000000000e+01
2.300000000000000000e+01
2.500000000000000000e+01
2.800000000000000000e+01
3.100000000000000000e+01
3.400000000000000000e+01
3.900000000000000000e+01
4.600000000000000000e+01
5.500000000000000000e+01
6.800000000000000000e+01
9.000000000000000000e+01
1.350000000000000000e+02
2.660000000000000000e+02
8.607000000000000000e+03
8.453000000000000000e+03
8.300000000000000000e+03
8.152000000000000000e+03
8.011000000000000000e+03
7.875000000000000000e+03
7.746000000000000000e+03
7.622000000000000000e+03
7.504000000000000000e+03
7.393000000000000000e+03
7.286000000000000000e+03
7.183000000000000000e+03
7.086000000000000000e+03
6.992000000000000000e+03
6.903000000000000000e+03
6.817000000000000000e+03
6.736000000000000000e+03
6.657000000000000000e+03
6.582000000000000000e+03
6.510000000000000000e+03
6.441000000000000000e+03
6.374000000000000000e+03
6.310000000000000000e+03
6.249000000000000000e+03
6.190000000000000000e+03
6.135000000000000000e+03
6.080000000000000000e+03
6.028000000000000000e+03
5.977000000000000000e+03
5.929000000000000000e+03
5.882000000000000000e+03
5.837000000000000000e+03
5.795000000000000000e+03
5.753000000000000000e+03
5.713000000000000000e+03
5.674000000000000000e+03
5.638000000000000000e+03
5.602000000000000000e+03
5.568000000000000000e+03
5.535000000000000000e+03
5.503000000000000000e+03
5.473000000000000000e+03
5.444000000000000000e+03
5.416000000000000000e+03
5.389000000000000000e+03
5.364000000000000000e+03
5.339000000000000000e+03
5.316000000000000000e+03
5.294000000000000000e+03
5.273000000000000000e+03
5.253000000000000000e+03
5.235000000000000000e+03
5.218000000000000000e+03
5.203000000000000000e+03
5.201000000000000000e+03
5.201000000000000000e+03
5.201000000000000000e+03
5.201000000000000000e+03
5.201000000000000000e+03
5.201000000000000000e+03
5.201000000000000000e+03
5.201000000000000000e+03
5.201000000000000000e+03
5.201000000000000000e+03
5.201000000000000000e+03
5.201000000000000000e+03
5.201000000000000000e+03
5.201000000000000000e+03
5.201000000000000000e+03
5.201000000000000000e+03
5.201000000000000000e+03
5.201000000000000000e+03
5.201000000000000000e+03
5.201000000000000000e+03
5.201000000000000000e+03
1.000000000000000000e+00
1.100000000000000000e+01
1.100000000000000000e+01
1.200000000000000000e+01
1.200000000000000000e+01
1.300000000000000000e+01
1.300000000000000000e+01
1.400000000000000000e+01
1.500000000000000000e+01
1.600000000000000000e+01
1.600000000000000000e+01
1.700000000000000000e+01
1.900000000000000000e+01
2.000000000000000000e+01
2.100000000000000000e+01
2.300000000000000000e+01
2.500000000000000000e+01
2.800000000000000000e+01
3.100000000000000000e+01
3.400000000000000000e+01
3.900000000000000000e+01
4.500000000000000000e+01
5.400000000000000000e+01
6.800000000000000000e+01
9.000000000000000000e+01
1.340000000000000000e+02
2.640000000000000000e+02
8.269000000000000000e+03
8.128000000000000000e+03
7.988000000000000000e+03
7.851000000000000000e+03
7.721000000000000000e+03
7.595000000000000000e+03
7.475000000000000000e+03
7.361000000000000000e+03
7.252000000000000000e+03
7.147000000000000000e+03
7.047000000000000000e+03
6.952000000000000000e+03
6.861000000000000000e+03
6.773000000000000000e+03
6.690000000000000000e+03
6.610000000000000000e+03
6.533000000000000000e+03
6.459000000000000000e+03
6.389000000000000000e+03
6.321000000000000000e+03
6.257000000000000000e+03
6.194000000000000000e+03
6.134000000000000000e+03
6.076000000000000000e+03
6.021000000000000000e+03
5.967000000000000000e+03
5.916000000000000000e+03
5.868000000000000000e+03
5.819000000000000000e+03
5.774000000000000000e+03
5.730000000000000000e+03
5.688000000000000000e+03
5.647000000000000000e+03
5.608000000000000000e+03
5.570000000000000000e+03
5.535000000000000000e+03
5.500000000000000000e+03
5.466000000000000000e+03
5.434000000000000000e+03
5.403000000000000000e+03
5.373000000000000000e+03
5.345000000000000000e+03
5.318000000000000000e+03
5.291000000000000000e+03
5.266000000000000000e+03
5.242000000000000000e+03
5.219000000000000000e+03
5.197000000000000000e+03
5.177000000000000000e+03
5.157000000000000000e+03
5.139000000000000000e+03
5.122000000000000000e+03
5.107000000000000000e+03
5.097000000000000000e+03
5.097000000000000000e+03
5.097000000000000000e+03
5.097000000000000000e+03
5.097000000000000000e+03
5.097000000000000000e+03
5.097000000000000000e+03
5.097000000000000000e+03
5.097000000000000000e+03
5.097000000000000000e+03
5.097000000000000000e+03
5.097000000000000000e+03
5.097000000000000000e+03
5.097000000000000000e+03
5.097000000000000000e+03
5.097000000000000000e+03
5.097000000000000000e+03
5.097000000000000000e+03
5.097000000000000000e+03
5.097000000000000000e+03
5.097000000000000000e+03
1.000000000000000000e+00
1.000000000000000000e+01
1.100000000000000000e+01
1.100000000000000000e+01
1.200000000000000000e+01
1.200000000000000000e+01
1.300000000000000000e+01
1.300000000000000000e+01
1.400000000000000000e+01
1.500000000000000000e+01
1.500000000000000000e+01
1.600000000000000000e+01
1.700000000000000000e+01
1.800000000000000000e+01
2.000000000000000000e+01
2.100000000000000000e+01
2.300000000000000000e+01
2.500000000000000000e+01
2.700000000000000000e+01
3.000000000000000000e+01
3.400000000000000000e+01
3.900000000000000000e+01
4.500000000000000000e+01
5.400000000000000000e+01
6.800000000000000000e+01
9.000000000000000000e+01
1.340000000000000000e+02
2.630000000000000000e+02
7.956000000000000000e+03
7.826000000000000000e+03
7.697000000000000000e+03
7.571000000000000000e+03
7.450000000000000000e+03
7.334000000000000000e+03
7.223000000000000000e+03
7.117000000000000000e+03
7.015000000000000000e+03
6.918000000000000000e+03
6.824000000000000000e+03
6.735000000000000000e+03
6.650000000000000000e+03
6.568000000000000000e+03
6.490000000000000000e+03
6.414000000000000000e+03
6.342000000000000000e+03
6.273000000000000000e+03
6.207000000000000000e+03
6.144000000000000000e+03
6.082000000000000000e+03
6.024000000000000000e+03
5.967000000000000000e+03
5.912000000000000000e+03
5.860000000000000000e+03
5.810000000000000000e+03
5.762000000000000000e+03
5.716000000000000000e+03
5.671000000000000000e+03
5.628000000000000000e+03
5.586000000000000000e+03
5.546000000000000000e+03
5.508000000000000000e+03
5.472000000000000000e+03
5.436000000000000000e+03
5.401000000000000000e+03
5.369000000000000000e+03
5.337000000000000000e+03
5.307000000000000000e+03
5.278000000000000000e+03
5.250000000000000000e+03
5.222000000000000000e+03
5.197000000000000000e+03
5.172000000000000000e+03
5.149000000000000000e+03
5.126000000000000000e+03
5.105000000000000000e+03
5.084000000000000000e+03
5.065000000000000000e+03
5.047000000000000000e+03
5.031000000000000000e+03
5.015000000000000000e+03
5.001000000000000000e+03
4.999000000000000000e+03
4.999000000000000000e+03
4.999000000000000000e+03
4.999000000000000000e+03
4.999000000000000000e+03
4.999000000000000000e+03
4.999000000000000000e+03
4.999000000000000000e+03
4.999000000000000000e+03
4.999000000000000000e+03
4.999000000000000000e+03
4.999000000000000000e+03
4.999000000000000000e+03
4.999000000000000000e+03
4.999000000000000000e+03
4.999000000000000000e+03
4.999000000000000000e+03
4.999000000000000000e+03
4.999000000000000000e+03
4.999000000000000000e+03
1.000000000000000000e+00
1.000000000000000000e+01
1.000000000000000000e+01
1.100000000000000000e+01
1.100000000000000000e+01
1.200000000000000000e+01
1.200000000000000000e+01
1.300000000000000000e+01
1.300000000000000000e+01
1.400000000000000000e+01
1.500000000000000000e+01
1.500000000000000000e+01
1.600000000000000000e+01
1.700000000000000000e+01
1.800000000000000000e+01
2.000000000000000000e+01
2.100000000000000000e+01
2.300000000000000000e+01
2.500000000000000000e+01
2.700000000000000000e+01
3.000000000000000000e+01
3.400000000000000000e+01
3.900000000000000000e+01
4.500000000000000000e+01
5.400000000000000000e+01
6.700000000000000000e+01
8.900000000000000000e+01
1.330000000000000000e+02
2.620000000000000000e+02
7.663000000000000000e+03
7.544000000000000000e+03
7.425000000000000000e+03
7.309000000000000000e+03
7.196000000000000000e+03
7.089000000000000000e+03
6.985000000000000000e+03
6.886000000000000000e+03
6.791000000000000000e+03
6.700000000000000000e+03
6.613000000000000000e+03
6.529000000000000000e+03
6.450000000000000000e+03
6.373000000000000000e+03
6.300000000000000000e+03
6.229000000000000000e+03
6.161000000000000000e+03
6.096000000000000000e+03
6.034000000000000000e+03
5.974000000000000000e+03
5.917000000000000000e+03
5.861000000000000000e+03
5.808000000000000000e+03
5.757000000000000000e+03
5.707000000000000000e+03
5.660000000000000000e+03
5.615000000000000000e+03
5.571000000000000000e+03
5.528000000000000000e+03
5.487000000000000000e+03
5.448000000000000000e+03
5.411000000000000000e+03
5.374000000000000000e+03
5.340000000000000000e+03
5.307000000000000000e+03
5.274000000000000000e+03
5.243000000000000000e+03
5.213000000000000000e+03
5.185000000000000000e+03
5.157000000000000000e+03
5.131000000000000000e+03
5.105000000000000000e+03
5.081000000000000000e+03
5.058000000000000000e+03
5.036000000000000000e+03
5.015000000000000000e+03
4.995000000000000000e+03
4.976000000000000000e+03
4.958000000000000000e+03
4.941000000000000000e+03
4.926000000000000000e+03
4.912000000000000000e+03
4.903000000000000000e+03
4.903000000000000000e+03
4.903000000000000000e+03
4.903000000000000000e+03
4.903000000000000000e+03
4.903000000000000000e+03
4.903000000000000000e+03
4.903000000000000000e+03
4.903000000000000000e+03
4.903000000000000000e+03
4.903000000000000000e+03
4.903000000000000000e+03
4.903000000000000000e+03
4.903000000000000000e+03
4.903000000000000000e+03
4.903000000000000000e+03
4.903000000000000000e+03
4.903000000000000000e+03
4.903000000000000000e+03
4.903000000000000000e+03
1.000000000000000000e+00
1.000000000000000000e+01
1.000000000000000000e+01
1.000000000000000000e+01
1.100000000000000000e+01
1.100000000000000000e+01
1.200000000000000000e+01
1.200000000000000000e+01
1.300000000000000000e+01
1.300000000000000000e+01
1.400000000000000000e+01
1.500000000000000000e+01
1.500000000000000000e+01
1.600000000000000000e+01
1.700000000000000000e+01
1.800000000000000000e+01
2.000000000000000000e+01
2.100000000000000000e+01
2.300000000000000000e+01
2.500000000000000000e+01
2.700000000000000000e+01
3.000000000000000000e+01
3.400000000000000000e+01
3.900000000000000000e+01
4.500000000000000000e+01
5.400000000000000000e+01
6.700000000000000000e+01
8.900000000000000000e+01
1.330000000000000000e+02
2.610000000000000000e+02
7.389000000000000000e+03
7.280000000000000000e+03
7.170000000000000000e+03
7.063000000000000000e+03
6.959000000000000000e+03
6.858000000000000000e+03
6.762000000000000000e+03
6.670000000000000000e+03
6.581000000000000000e+03
6.496000000000000000e+03
6.415000000000000000e+03
6.336000000000000000e+03
6.261000000000000000e+03
6.189000000000000000e+03
6.121000000000000000e+03
6.054000000000000000e+03
5.991000000000000000e+03
5.929000000000000000e+03
5.871000000000000000e+03
5.814000000000000000e+03
5.760000000000000000e+03
5.707000000000000000e+03
5.657000000000000000e+03
5.609000000000000000e+03
5.562000000000000000e+03
5.518000000000000000e+03
5.474000000000000000e+03
5.433000000000000000e+03
5.393000000000000000e+03
5.355000000000000000e+03
5.318000000000000000e+03
5.282000000000000000e+03
5.248000000000000000e+03
5.215000000000000000e+03
5.184000000000000000e+03
5.153000000000000000e+03
5.124000000000000000e+03
5.096000000000000000e+03
5.068000000000000000e+03
5.043000000000000000e+03
5.018000000000000000e+03
4.994000000000000000e+03
4.972000000000000000e+03
4.950000000000000000e+03
4.929000000000000000e+03
4.909000000000000000e+03
4.890000000000000000e+03
4.873000000000000000e+03
4.856000000000000000e+03
4.841000000000000000e+03
4.827000000000000000e+03
4.814000000000000000e+03
4.811000000000000000e+03
4.811000000000000000e+03
4.811000000000000000e+03
4.811000000000000000e+03
4.811000000000000000e+03
4.811000000000000000e+03
4.811000000000000000e+03
4.811000000000000000e+03
4.811000000000000000e+03
4.811000000000000000e+03
4.811000000000000000e+03
4.811000000000000000e+03
4.811000000000000000e+03
4.811000000000000000e+03
4.811000000000000000e+03
4.811000000000000000e+03
4.811000000000000000e+03
4.811000000000000000e+03
4.811000000000000000e+03
1.000000000000000000e+00
9.000000000000000000e+00
1.000000000000000000e+01
1.000000000000000000e+01
1.000000000000000000e+01
1.100000000000000000e+01
1.100000000000000000e+01
1.200000000000000000e+01
1.200000000000000000e+01
1.300000000000000000e+01
1.300000000000000000e+01
1.400000000000000000e+01
1.500000000000000000e+01
1.500000000000000000e+01
1.600000000000000000e+01
1.700000000000000000e+01
1.800000000000000000e+01
2.000000000000000000e+01
2.100000000000000000e+01
2.300000000000000000e+01
2.500000000000000000e+01
2.700000000000000000e+01
3.000000000000000000e+01
3.400000000000000000e+01
3.800000000000000000e+01
4.500000000000000000e+01
5.400000000000000000e+01
6.700000000000000000e+01
8.900000000000000000e+01
1.320000000000000000e+02
2.600000000000000000e+02
7.134000000000000000e+03
7.033000000000000000e+03
6.931000000000000000e+03
6.831000000000000000e+03
6.735000000000000000e+03
6.641000000000000000e+03
6.551000000000000000e+03
6.465000000000000000e+03
6.382000000000000000e+03
6.302000000000000000e+03
6.226000000000000000e+03
6.153000000000000000e+03
6.082000000000000000e+03
6.015000000000000000e+03
5.950000000000000000e+03
5.888000000000000000e+03
5.827000000000000000e+03
5.770000000000000000e+03
5.715000000000000000e+03
5.661000000000000000e+03
5.610000000000000000e+03
5.561000000000000000e+03
5.513000000000000000e+03
5.467000000000000000e+03
5.424000000000000000e+03
5.381000000000000000e+03
5.341000000000000000e+03
5.302000000000000000e+03
5.263000000000000000e+03
5.228000000000000000e+03
5.192000000000000000e+03
5.159000000000000000e+03
5.127000000000000000e+03
5.095000000000000000e+03
5.065000000000000000e+03
5.037000000000000000e+03
5.009000000000000000e+03
4.983000000000000000e+03
4.957000000000000000e+03
4.932000000000000000e+03
4.909000000000000000e+03
4.886000000000000000e+03
4.866000000000000000e+03
4.845000000000000000e+03
4.825000000000000000e+03
4.807000000000000000e+03
4.789000000000000000e+03
4.773000000000000000e+03
4.758000000000000000e+03
4.744000000000000000e+03
4.731000000000000000e+03
4.722000000000000000e+03
4.722000000000000000e+03
4.722000000000000000e+03
4.722000000000000000e+03
4.722000000000000000e+03
4.722000000000000000e+03
4.722000000000000000e+03
4.722000000000000000e+03
4.722000000000000000e+03
4.722000000000000000e+03
4.722000000000000000e+03
4.722000000000000000e+03
4.722000000000000000e+03
4.722000000000000000e+03
4.722000000000000000e+03
4.722000000000000000e+03
4.722000000000000000e+03
4.722000000000000000e+03
4.722000000000000000e+03
1.000000000000000000e+00
9.000000000000000000e+00
9.000000000000000000e+00
1.000000000000000000e+01
1.000000000000000000e+01
1.000000000000000000e+01
1.100000000000000000e+01
1.100000000000000000e+01
1.200000000000000000e+01
1.200000000000000000e+01
1.300000000000000000e+01
1.300000000000000000e+01
1.400000000000000000e+01
1.400000000000000000e+01
1.500000000000000000e+01
1.600000000000000000e+01
1.700000000000000000e+01
1.800000000000000000e+01
1.900000000000000000e+01
2.100000000000000000e+01
2.300000000000000000e+01
2.500000000000000000e+01
2.700000000000000000e+01
3.000000000000000000e+01
3.400000000000000000e+01
3.800000000000000000e+01
4.500000000000000000e+01
5.300000000000000000e+01
6.700000000000000000e+01
8.800000000000000000e+01
1.310000000000000000e+02
2.580000000000000000e+02
6.895000000000000000e+03
6.801000000000000000e+03
6.707000000000000000e+03
6.614000000000000000e+03
6.524000000000000000e+03
6.437000000000000000e+03
6.353000000000000000e+03
6.272000000000000000e+03
6.195000000000000000e+03
6.120000000000000000e+03
6.048000000000000000e+03
5.980000000000000000e+03
5.913000000000000000e+03
5.850000000000000000e+03
5.789000000000000000e+03
5.730000000000000000e+03
5.673000000000000000e+03
5.619000000000000000e+03
5.567000000000000000e+03
5.517000000000000000e+03
5.468000000000000000e+03
5.422000000000000000e+03
5.377000000000000000e+03
5.334000000000000000e+03
5.292000000000000000e+03
5.252000000000000000e+03
5.214000000000000000e+03
5.177000000000000000e+03
5.141000000000000000e+03
5.107000000000000000e+03
5.074000000000000000e+03
5.042000000000000000e+03
5.011000000000000000e+03
4.982000000000000000e+03
4.954000000000000000e+03
4.926000000000000000e+03
4.900000000000000000e+03
4.875000000000000000e+03
4.851000000000000000e+03
4.828000000000000000e+03
4.806000000000000000e+03
4.785000000000000000e+03
4.764000000000000000e+03
4.745000000000000000e+03
4.728000000000000000e+03
4.710000000000000000e+03
4.694000000000000000e+03
4.679000000000000000e+03
4.664000000000000000e+03
4.651000000000000000e+03
4.640000000000000000e+03
4.637000000000000000e+03
4.637000000000000000e+03
4.637000000000000000e+03
4.637000000000000000e+03
4.637000000000000000e+03
4.637000000000000000e+03
4.637000000000000000e+03
4.637000000000000000e+03
4.637000000000000000e+03
4.637000000000000000e+03
4.637000000000000000e+03
4.637000000000000000e+03
4.637000000000000000e+03
4.637000000000000000e+03
4.637000000000000000e+03
4.637000000000000000e+03
4.637000000000000000e+03
4.637000000000000000e+03
1.000000000000000000e+00
9.000000000000000000e+00
9.000000000000000000e+00
9.000000000000000000e+00
1.000000000000000000e+01
1.000000000000000000e+01
1.000000000000000000e+01
1.100000000000000000e+01
1.100000000000000000e+01
1.200000000000000000e+01
1.200000000000000000e+01
1.300000000000000000e+01
1.300000000000000000e+01
1.400000000000000000e+01
1.400000000000000000e+01
1.500000000000000000e+01
1.600000000000000000e+01
1.700000000000000000e+01
1.800000000000000000e+01
1.900000000000000000e+01
2.100000000000000000e+01
2.300000000000000000e+01
2.500000000000000000e+01
2.700000000000000000e+01
3.000000000000000000e+01
3.400000000000000000e+01
3.800000000000000000e+01
4.400000000000000000e+01
5.300000000000000000e+01
6.600000000000000000e+01
8.800000000000000000e+01
1.310000000000000000e+02
2.570000000000000000e+02
6.671000000000000000e+03
6.584000000000000000e+03
6.496000000000000000e+03
6.410000000000000000e+03
6.326000000000000000e+03
6.245000000000000000e+03
6.166000000000000000e+03
6.091000000000000000e+03
6.018000000000000000e+03
5.948000000000000000e+03
5.881000000000000000e+03
5.816000000000000000e+03
5.753000000000000000e+03
5.694000000000000000e+03
5.636000000000000000e+03
5.581000000000000000e+03
5.527000000000000000e+03
5.476000000000000000e+03
5.427000000000000000e+03
5.380000000000000000e+03
5.334000000000000000e+03
5.290000000000000000e+03
5.247000000000000000e+03
5.207000000000000000e+03
5.168000000000000000e+03
5.130000000000000000e+03
5.093000000000000000e+03
5.059000000000000000e+03
5.024000000000000000e+03
4.992000000000000000e+03
4.961000000000000000e+03
4.931000000000000000e+03
4.901000000000000000e+03
4.874000000000000000e+03
4.847000000000000000e+03
4.821000000000000000e+03
4.797000000000000000e+03
4.773000000000000000e+03
4.751000000000000000e+03
4.729000000000000000e+03
4.708000000000000000e+03
4.688000000000000000e+03
4.669000000000000000e+03
4.651000000000000000e+03
4.634000000000000000e+03
4.618000000000000000e+03
4.603000000000000000e+03
4.589000000000000000e+03
4.576000000000000000e+03
4.564000000000000000e+03
4.556000000000000000e+03
4.556000000000000000e+03
4.556000000000000000e+03
4.556000000000000000e+03
4.556000000000000000e+03
4.556000000000000000e+03
4.556000000000000000e+03
4.556000000000000000e+03
4.556000000000000000e+03
4.556000000000000000e+03
4.556000000000000000e+03
4.556000000000000000e+03
4.556000000000000000e+03
4.556000000000000000e+03
4.556000000000000000e+03
4.556000000000000000e+03
4.556000000000000000e+03
4.556000000000000000e+03
1.000000000000000000e+00
8.000000000000000000e+00
9.000000000000000000e+00
9.000000000000000000e+00
9.000000000000000000e+00
1.000000000000000000e+01
1.000000000000000000e+01
1.000000000000000000e+01
1.100000000000000000e+01
1.100000000000000000e+01
1.100000000000000000e+01
1.200000000000000000e+01
1.200000000000000000e+01
1.300000000000000000e+01
1.400000000000000000e+01
1.400000000000000000e+01
1.500000000000000000e+01
1.600000000000000000e+01
1.700000000000000000e+01
1.800000000000000000e+01
1.900000000000000000e+01
2.100000000000000000e+01
2.200000000000000000e+01
2.400000000000000000e+01
2.700000000000000000e+01
3.000000000000000000e+01
3.300000000000000000e+01
3.800000000000000000e+01
4.400000000000000000e+01
5.300000000000000000e+01
6.600000000000000000e+01
8.800000000000000000e+01
1.300000000000000000e+02
2.560000000000000000e+02
6.459000000000000000e+03
6.378000000000000000e+03
6.297000000000000000e+03
6.216000000000000000e+03
6.138000000000000000e+03
6.062000000000000000e+03
5.989000000000000000e+03
5.918000000000000000e+03
5.850000000000000000e+03
5.784000000000000000e+03
5.721000000000000000e+03
5.660000000000000000e+03
5.601000000000000000e+03
5.545000000000000000e+03
5.490000000000000000e+03
5.438000000000000000e+03
5.388000000000000000e+03
5.340000000000000000e+03
5.293000000000000000e+03
5.248000000000000000e+03
5.205000000000000000e+03
5.163000000000000000e+03
5.124000000000000000e+03
5.085000000000000000e+03
5.047000000000000000e+03
5.012000000000000000e+03
4.977000000000000000e+03
4.944000000000000000e+03
4.912000000000000000e+03
4.881000000000000000e+03
4.852000000000000000e+03
4.824000000000000000e+03
4.796000000000000000e+03
4.770000000000000000e+03
4.745000000000000000e+03
4.720000000000000000e+03
4.697000000000000000e+03
4.674000000000000000e+03
4.653000000000000000e+03
4.632000000000000000e+03
4.613000000000000000e+03
4.594000000000000000e+03
4.576000000000000000e+03
4.560000000000000000e+03
4.544000000000000000e+03
4.529000000000000000e+03
4.515000000000000000e+03
4.501000000000000000e+03
4.490000000000000000e+03
4.479000000000000000e+03
4.476000000000000000e+03
4.476000000000000000e+03
4.476000000000000000e+03
4.476000000000000000e+03
4.476000000000000000e+03
4.476000000000000000e+03
4.476000000000000000e+03
4.476000000000000000e+03
4.476000000000000000e+03
4.476000000000000000e+03
4.476000000000000000e+03
4.476000000000000000e+03
4.476000000000000000e+03
4.476000000000000000e+03
4.476000000000000000e+03
4.476000000000000000e+03
4.476000000000000000e+03
1.000000000000000000e+00
8.000000000000000000e+00
8.000000000000000000e+00
9.000000000000000000e+00
9.000000000000000000e+00
9.000000000000000000e+00
1.000000000000000000e+01
1.000000000000000000e+01
1.000000000000000000e+01
1.100000000000000000e+01
1.100000000000000000e+01
1.100000000000000000e+01
1.200000000000000000e+01
1.200000000000000000e+01
1.300000000000000000e+01
1.400000000000000000e+01
1.400000000000000000e+01
1.500000000000000000e+01
1.600000000000000000e+01
1.700000000000000000e+01
1.800000000000000000e+01
1.900000000000000000e+01
2.100000000000000000e+01
2.200000000000000000e+01
2.400000000000000000e+01
2.700000000000000000e+01
3.000000000000000000e+01
3.300000000000000000e+01
3.800000000000000000e+01
4.400000000000000000e+01
5.300000000000000000e+01
6.600000000000000000e+01
8.700000000000000000e+01
1.300000000000000000e+02
2.550000000000000000e+02
6.259000000000000000e+03
6.184000000000000000e+03
6.108000000000000000e+03
6.033000000000000000e+03
5.960000000000000000e+03
5.889000000000000000e+03
5.820000000000000000e+03
5.753000000000000000e+03
5.689000000000000000e+03
5.628000000000000000e+03
5.568000000000000000e+03
5.511000000000000000e+03
5.456000000000000000e+03
5.402000000000000000e+03
5.351000000000000000e+03
5.302000000000000000e+03
5.254000000000000000e+03
5.209000000000000000e+03
5.165000000000000000e+03
5.122000000000000000e+03
5.081000000000000000e+03
5.042000000000000000e+03
5.004000000000000000e+03
4.968000000000000000e+03
4.932000000000000000e+03
4.899000000000000000e+03
4.866000000000000000e+03
4.835000000000000000e+03
4.804000000000000000e+03
4.775000000000000000e+03
4.747000000000000000e+03
4.720000000000000000e+03
4.694000000000000000e+03
4.669000000000000000e+03
4.645000000000000000e+03
4.622000000000000000e+03
4.600000000000000000e+03
4.579000000000000000e+03
4.559000000000000000e+03
4.540000000000000000e+03
4.521000000000000000e+03
4.504000000000000000e+03
4.487000000000000000e+03
4.471000000000000000e+03
4.456000000000000000e+03
4.442000000000000000e+03
4.429000000000000000e+03
4.417000000000000000e+03
4.407000000000000000e+03
4.398000000000000000e+03
4.398000000000000000e+03
4.398000000000000000e+03
4.398000000000000000e+03
4.398000000000000000e+03
4.398000000000000000e+03
4.398000000000000000e+03
4.398000000000000000e+03
4.398000000000000000e+03
4.398000000000000000e+03
4.398000000000000000e+03
4.398000000000000000e+03
4.398000000000000000e+03
4.398000000000000000e+03
4.398000000000000000e+03
4.398000000000000000e+03
4.398000000000000000e+03
1.000000000000000000e+00
8.000000000000000000e+00
8.000000000000000000e+00
8.000000000000000000e+00
9.000000000000000000e+00
9.000000000000000000e+00
9.000000000000000000e+00
1.000000000000000000e+01
1.000000000000000000e+01
1.000000000000000000e+01
1.100000000000000000e+01
1.100000000000000000e+01
1.100000000000000000e+01
1.200000000000000000e+01
1.200000000000000000e+01
1.300000000000000000e+01
1.400000000000000000e+01
1.400000000000000000e+01
1.500000000000000000e+01
1.600000000000000000e+01
1.700000000000000000e+01
1.800000000000000000e+01
1.900000000000000000e+01
2.100000000000000000e+01
2.200000000000000000e+01
2.400000000000000000e+01
2.700000000000000000e+01
3.000000000000000000e+01
3.300000000000000000e+01
3.800000000000000000e+01
4.400000000000000000e+01
5.300000000000000000e+01
6.500000000000000000e+01
8.700000000000000000e+01
1.290000000000000000e+02
2.530000000000000000e+02
6.071000000000000000e+03
6.001000000000000000e+03
5.930000000000000000e+03
5.860000000000000000e+03
5.791000000000000000e+03
5.725000000000000000e+03
5.660000000000000000e+03
5.598000000000000000e+03
5.538000000000000000e+03
5.479000000000000000e+03
5.424000000000000000e+03
5.370000000000000000e+03
5.317000000000000000e+03
5.267000000000000000e+03
5.219000000000000000e+03
5.173000000000000000e+03
5.127000000000000000e+03
5.084000000000000000e+03
5.043000000000000000e+03
5.003000000000000000e+03
4.964000000000000000e+03
4.927000000000000000e+03
4.891000000000000000e+03
4.856000000000000000e+03
4.823000000000000000e+03
4.791000000000000000e+03
4.760000000000000000e+03
4.730000000000000000e+03
4.701000000000000000e+03
4.674000000000000000e+03
4.647000000000000000e+03
4.622000000000000000e+03
4.597000000000000000e+03
4.574000000000000000e+03
4.551000000000000000e+03
4.529000000000000000e+03
4.509000000000000000e+03
4.488000000000000000e+03
4.469000000000000000e+03
4.451000000000000000e+03
4.434000000000000000e+03
4.418000000000000000e+03
4.402000000000000000e+03
4.387000000000000000e+03
4.373000000000000000e+03
4.360000000000000000e+03
4.348000000000000000e+03
4.337000000000000000e+03
4.328000000000000000e+03
4.324000000000000000e+03
4.324000000000000000e+03
4.324000000000000000e+03
4.324000000000000000e+03
4.324000000000000000e+03
4.324000000000000000e+03
4.324000000000000000e+03
4.324000000000000000e+03
4.324000000000000000e+03
4.324000000000000000e+03
4.324000000000000000e+03
4.324000000000000000e+03
4.324000000000000000e+03
4.324000000000000000e+03
4.324000000000000000e+03
4.324000000000000000e+03
1.000000000000000000e+00
8.000000000000000000e+00
8.000000000000000000e+00
8.000000000000000000e+00
8.000000000000000000e+00
9.000000000000000000e+00
9.000000000000000000e+00
9.000000000000000000e+00
9.000000000000000000e+00
1.000000000000000000e+01
1.000000000000000000e+01
1.100000000000000000e+01
1.100000000000000000e+01
1.100000000000000000e+01
1.200000000000000000e+01
1.200000000000000000e+01
1.300000000000000000e+01
1.400000000000000000e+01
1.400000000000000000e+01
1.500000000000000000e+01
1.600000000000000000e+01
1.700000000000000000e+01
1.800000000000000000e+01
1.900000000000000000e+01
2.100000000000000000e+01
2.200000000000000000e+01
2.400000000000000000e+01
2.700000000000000000e+01
2.900000000000000000e+01
3.300000000000000000e+01
3.800000000000000000e+01
4.400000000000000000e+01
5.200000000000000000e+01
6.500000000000000000e+01
8.700000000000000000e+01
1.290000000000000000e+02
2.520000000000000000e+02
5.892000000000000000e+03
5.827000000000000000e+03
5.761000000000000000e+03
5.695000000000000000e+03
5.631000000000000000e+03
5.569000000000000000e+03
5.508000000000000000e+03
5.449000000000000000e+03
5.393000000000000000e+03
5.338000000000000000e+03
5.285000000000000000e+03
5.234000000000000000e+03
5.185000000000000000e+03
5.138000000000000000e+03
5.092000000000000000e+03
5.048000000000000000e+03
5.006000000000000000e+03
4.965000000000000000e+03
4.925000000000000000e+03
4.888000000000000000e+03
4.851000000000000000e+03
4.815000000000000000e+03
4.781000000000000000e+03
4.749000000000000000e+03
4.717000000000000000e+03
4.687000000000000000e+03
4.657000000000000000e+03
4.629000000000000000e+03
4.602000000000000000e+03
4.576000000000000000e+03
4.551000000000000000e+03
4.527000000000000000e+03
4.503000000000000000e+03
4.481000000000000000e+03
4.460000000000000000e+03
4.439000000000000000e+03
4.420000000000000000e+03
4.401000000000000000e+03
4.383000000000000000e+03
4.366000000000000000e+03
4.349000000000000000e+03
4.334000000000000000e+03
4.320000000000000000e+03
4.306000000000000000e+03
4.293000000000000000e+03
4.281000000000000000e+03
4.270000000000000000e+03
4.259000000000000000e+03
4.252000000000000000e+03
4.252000000000000000e+03
4.252000000000000000e+03
4.252000000000000000e+03
4.252000000000000000e+03
4.252000000000000000e+03
4.252000000000000000e+03
4.252000000000000000e+03
4.252000000000000000e+03
4.252000000000000000e+03
4.252000000000000000e+03
4.252000000000000000e+03
4.252000000000000000e+03
4.252000000000000000e+03
4.252000000000000000e+03
4.252000000000000000e+03
1.000000000000000000e+00
8.000000000000000000e+00
8.000000000000000000e+00
8.000000000000000000e+00
8.000000000000000000e+00
8.000000000000000000e+00
9.000000000000000000e+00
9.000000000000000000e+00
9.000000000000000000e+00
9.000000000000000000e+00
1.000000000000000000e+01
1.000000000000000000e+01
1.000000000000000000e+01
1.100000000000000000e+01
1.100000000000000000e+01
1.200000000000000000e+01
1.200000000000000000e+01
1.300000000000000000e+01
1.300000000000000000e+01
1.400000000000000000e+01
1.500000000000000000e+01
1.600000000000000000e+01
1.700000000000000000e+01
1.800000000000000000e+01
1.900000000000000000e+01
2.000000000000000000e+01
2.200000000000000000e+01
2.400000000000000000e+01
2.600000000000000000e+01
2.900000000000000000e+01
3.300000000000000000e+01
3.700000000000000000e+01
4.400000000000000000e+01
5.200000000000000000e+01
6.500000000000000000e+01
8.600000000000000000e+01
1.280000000000000000e+02
2.510000000000000000e+02
5.722000000000000000e+03
5.662000000000000000e+03
5.600000000000000000e+03
5.539000000000000000e+03
5.479000000000000000e+03
5.420000000000000000e+03
5.363000000000000000e+03
5.308000000000000000e+03
5.254000000000000000e+03
5.203000000000000000e+03
5.153000000000000000e+03
5.105000000000000000e+03
5.058000000000000000e+03
5.014000000000000000e+03
4.970000000000000000e+03
4.929000000000000000e+03
4.889000000000000000e+03
4.850000000000000000e+03
4.813000000000000000e+03
4.776000000000000000e+03
4.742000000000000000e+03
4.709000000000000000e+03
4.676000000000000000e+03
4.645000000000000000e+03
4.615000000000000000e+03
4.586000000000000000e+03
4.558000000000000000e+03
4.532000000000000000e+03
4.506000000000000000e+03
4.481000000000000000e+03
4.457000000000000000e+03
4.435000000000000000e+03
4.413000000000000000e+03
4.392000000000000000e+03
4.371000000000000000e+03
4.352000000000000000e+03
4.333000000000000000e+03
4.316000000000000000e+03
4.299000000000000000e+03
4.282000000000000000e+03
4.267000000000000000e+03
4.253000000000000000e+03
4.239000000000000000e+03
4.226000000000000000e+03
4.214000000000000000e+03
4.203000000000000000e+03
4.193000000000000000e+03
4.184000000000000000e+03
4.181000000000000000e+03
4.181000000000000000e+03
4.181000000000000000e+03
4.181000000000000000e+03
4.181000000000000000e+03
4.181000000000000000e+03
4.181000000000000000e+03
4.181000000000000000e+03
4.181000000000000000e+03
4.181000000000000000e+03
4.181000000000000000e+03
4.181000000000000000e+03
4.181000000000000000e+03
4.181000000000000000e+03
4.181000000000000000e+03
1.000000000000000000e+00
7.000000000000000000e+00
7.000000000000000000e+00
8.000000000000000000e+00
8.000000000000000000e+00
8.000000000000000000e+00
8.000000000000000000e+00
9.000000000000000000e+00
9.000000000000000000e+00
9.000000000000000000e+00
9.000000000000000000e+00
1.000000000000000000e+01
1.000000000000000000e+01
1.000000000000000000e+01
1.100000000000000000e+01
1.100000000000000000e+01
1.200000000000000000e+01
1.200000000000000000e+01
1.300000000000000000e+01
1.300000000000000000e+01
1.400000000000000000e+01
1.500000000000000000e+01
1.600000000000000000e+01
1.700000000000000000e+01
1.800000000000000000e+01
1.900000000000000000e+01
2.000000000000000000e+01
2.200000000000000000e+01
2.400000000000000000e+01
2.600000000000000000e+01
2.900000000000000000e+01
3.300000000000000000e+01
3.700000000000000000e+01
4.300000000000000000e+01
5.200000000000000000e+01
6.500000000000000000e+01
8.600000000000000000e+01
1.280000000000000000e+02
2.500000000000000000e+02
5.562000000000000000e+03
5.506000000000000000e+03
5.448000000000000000e+03
5.390000000000000000e+03
5.334000000000000000e+03
5.279000000000000000e+03
5.225000000000000000e+03
5.173000000000000000e+03
5.123000000000000000e+03
5.074000000000000000e+03
5.027000000000000000e+03
4.982000000000000000e+03
4.938000000000000000e+03
4.896000000000000000e+03
4.855000000000000000e+03
4.815000000000000000e+03
4.777000000000000000e+03
4.741000000000000000e+03
4.705000000000000000e+03
4.671000000000000000e+03
4.638000000000000000e+03
4.607000000000000000e+03
4.576000000000000000e+03
4.547000000000000000e+03
4.518000000000000000e+03
4.491000000000000000e+03
4.465000000000000000e+03
4.439000000000000000e+03
4.415000000000000000e+03
4.391000000000000000e+03
4.369000000000000000e+03
4.347000000000000000e+03
4.327000000000000000e+03
4.306000000000000000e+03
4.287000000000000000e+03
4.269000000000000000e+03
4.252000000000000000e+03
4.234000000000000000e+03
4.219000000000000000e+03
4.204000000000000000e+03
4.189000000000000000e+03
4.176000000000000000e+03
4.163000000000000000e+03
4.151000000000000000e+03
4.140000000000000000e+03
4.129000000000000000e+03
4.120000000000000000e+03
4.113000000000000000e+03
4.113000000000000000e+03
4.113000000000000000e+03
4.113000000000000000e+03
4.113000000000000000e+03
4.113000000000000000e+03
4.113000000000000000e+03
4.113000000000000000e+03
4.113000000000000000e+03
4.113000000000000000e+03
4.113000000000000000e+03
4.113000000000000000e+03
4.113000000000000000e+03
4.113000000000000000e+03
4.113000000000000000e+03
1.000000000000000000e+00
7.000000000000000000e+00
7.000000000000000000e+00
7.000000000000000000e+00
8.000000000000000000e+00
8.000000000000000000e+00
8.000000000000000000e+00
8.000000000000000000e+00
9.000000000000000000e+00
9.000000000000000000e+00
9.000000000000000000e+00
9.000000000000000000e+00
1.000000000000000000e+01
1.000000000000000000e+01
1.000000000000000000e+01
1.100000000000000000e+01
1.100000000000000000e+01
1.200000000000000000e+01
1.200000000000000000e+01
1.300000000000000000e+01
1.300000000000000000e+01
1.400000000000000000e+01
1.500000000000000000e+01
1.600000000000000000e+01
1.700000000000000000e+01
1.800000000000000000e+01
1.900000000000000000e+01
2.000000000000000000e+01
2.200000000000000000e+01
2.400000000000000000e+01
2.600000000000000000e+01
2.900000000000000000e+01
3.300000000000000000e+01
3.700000000000000000e+01
4.300000000000000000e+01
5.200000000000000000e+01
6.400000000000000000e+01
8.600000000000000000e+01
1.270000000000000000e+02
2.480000000000000000e+02
5.410000000000000000e+03
5.357000000000000000e+03
5.303000000000000000e+03
5.249000000000000000e+03
5.196000000000000000e+03
5.144000000000000000e+03
5.093000000000000000e+03
5.044000000000000000e+03
4.997000000000000000e+03
4.951000000000000000e+03
4.907000000000000000e+03
4.864000000000000000e+03
4.822000000000000000e+03
4.782000000000000000e+03
4.744000000000000000e+03
4.706000000000000000e+03
4.670000000000000000e+03
4.636000000000000000e+03
4.602000000000000000e+03
4.570000000000000000e+03
4.538000000000000000e+03
4.508000000000000000e+03
4.480000000000000000e+03
4.451000000000000000e+03
4.424000000000000000e+03
4.399000000000000000e+03
4.374000000000000000e+03
4.350000000000000000e+03
4.326000000000000000e+03
4.304000000000000000e+03
4.283000000000000000e+03
4.262000000000000000e+03
4.243000000000000000e+03
4.224000000000000000e+03
4.206000000000000000e+03
4.188000000000000000e+03
4.172000000000000000e+03
4.156000000000000000e+03
4.141000000000000000e+03
4.127000000000000000e+03
4.114000000000000000e+03
4.101000000000000000e+03
4.089000000000000000e+03
4.078000000000000000e+03
4.067000000000000000e+03
4.058000000000000000e+03
4.050000000000000000e+03
4.046000000000000000e+03
4.046000000000000000e+03
4.046000000000000000e+03
4.046000000000000000e+03
4.046000000000000000e+03
4.046000000000000000e+03
4.046000000000000000e+03
4.046000000000000000e+03
4.046000000000000000e+03
4.046000000000000000e+03
4.046000000000000000e+03
4.046000000000000000e+03
4.046000000000000000e+03
4.046000000000000000e+03
1.000000000000000000e+00
7.000000000000000000e+00
7.000000000000000000e+00
7.000000000000000000e+00
7.000000000000000000e+00
8.000000000000000000e+00
8.000000000000000000e+00
8.000000000000000000e+00
8.000000000000000000e+00
9.000000000000000000e+00
9.000000000000000000e+00
9.000000000000000000e+00
9.000000000000000000e+00
1.000000000000000000e+01
1.000000000000000000e+01
1.000000000000000000e+01
1.100000000000000000e+01
1.100000000000000000e+01
1.200000000000000000e+01
1.200000000000000000e+01
1.300000000000000000e+01
1.300000000000000000e+01
1.400000000000000000e+01
1.500000000000000000e+01
1.600000000000000000e+01
1.700000000000000000e+01
1.800000000000000000e+01
1.900000000000000000e+01
2.000000000000000000e+01
2.200000000000000000e+01
2.400000000000000000e+01
2.600000000000000000e+01
2.900000000000000000e+01
3.300000000000000000e+01
3.700000000000000000e+01
4.300000000000000000e+01
5.200000000000000000e+01
6.400000000000000000e+01
8.500000000000000000e+01
1.270000000000000000e+02
2.470000000000000000e+02
5.264000000000000000e+03
5.215000000000000000e+03
5.164000000000000000e+03
5.113000000000000000e+03
5.063000000000000000e+03
5.014000000000000000e+03
4.967000000000000000e+03
4.921000000000000000e+03
4.876000000000000000e+03
4.833000000000000000e+03
4.791000000000000000e+03
4.750000000000000000e+03
4.711000000000000000e+03
4.673000000000000000e+03
4.636000000000000000e+03
4.601000000000000000e+03
4.567000000000000000e+03
4.534000000000000000e+03
4.502000000000000000e+03
4.472000000000000000e+03
4.442000000000000000e+03
4.414000000000000000e+03
4.386000000000000000e+03
4.359000000000000000e+03
4.334000000000000000e+03
4.309000000000000000e+03
4.286000000000000000e+03
4.263000000000000000e+03
4.241000000000000000e+03
4.220000000000000000e+03
4.199000000000000000e+03
4.180000000000000000e+03
4.161000000000000000e+03
4.144000000000000000e+03
4.127000000000000000e+03
4.110000000000000000e+03
4.095000000000000000e+03
4.080000000000000000e+03
4.066000000000000000e+03
4.052000000000000000e+03
4.040000000000000000e+03
4.028000000000000000e+03
4.017000000000000000e+03
4.006000000000000000e+03
3.997000000000000000e+03
3.988000000000000000e+03
3.981000000000000000e+03
3.981000000000000000e+03
3.981000000000000000e+03
3.981000000000000000e+03
3.981000000000000000e+03
3.981000000000000000e+03
3.981000000000000000e+03
3.981000000000000000e+03
3.981000000000000000e+03
3.981000000000000000e+03
3.981000000000000000e+03
3.981000000000000000e+03
3.981000000000000000e+03
3.981000000000000000e+03
1.000000000000000000e+00
7.000000000000000000e+00
7.000000000000000000e+00
7.000000000000000000e+00
7.000000000000000000e+00
7.000000000000000000e+00
8.000000000000000000e+00
8.000000000000000000e+00
8.000000000000000000e+00
8.000000000000000000e+00
8.000000000000000000e+00
9.000000000000000000e+00
9.000000000000000000e+00
9.000000000000000000e+00
1.000000000000000000e+01
1.000000000000000000e+01
1.000000000000000000e+01
1.100000000000000000e+01
1.100000000000000000e+01
1.200000000000000000e+01
1.200000000000000000e+01
1.300000000000000000e+01
1.300000000000000000e+01
1.400000000000000000e+01
1.500000000000000000e+01
1.600000000000000000e+01
1.600000000000000000e+01
1.800000000000000000e+01
1.900000000000000000e+01
2.000000000000000000e+01
2.200000000000000000e+01
2.400000000000000000e+01
2.600000000000000000e+01
2.900000000000000000e+01
3.200000000000000000e+01
3.700000000000000000e+01
4.300000000000000000e+01
5.100000000000000000e+01
6.400000000000000000e+01
8.500000000000000000e+01
1.260000000000000000e+02
2.470000000000000000e+02
5.126000000000000000e+03
5.080000000000000000e+03
5.032000000000000000e+03
4.985000000000000000e+03
4.938000000000000000e+03
4.892000000000000000e+03
4.847000000000000000e+03
4.803000000000000000e+03
4.761000000000000000e+03
4.720000000000000000e+03
4.681000000000000000e+03
4.642000000000000000e+03
4.605000000000000000e+03
4.569000000000000000e+03
4.535000000000000000e+03
4.501000000000000000e+03
4.469000000000000000e+03
4.437000000000000000e+03
4.407000000000000000e+03
4.378000000000000000e+03
4.350000000000000000e+03
4.323000000000000000e+03
4.297000000000000000e+03
4.272000000000000000e+03
4.248000000000000000e+03
4.224000000000000000e+03
4.202000000000000000e+03
4.180000000000000000e+03
4.160000000000000000e+03
4.140000000000000000e+03
4.121000000000000000e+03
4.102000000000000000e+03
4.084000000000000000e+03
4.067000000000000000e+03
4.051000000000000000e+03
4.036000000000000000e+03
4.021000000000000000e+03
4.007000000000000000e+03
3.994000000000000000e+03
3.981000000000000000e+03
3.969000000000000000e+03
3.958000000000000000e+03
3.948000000000000000e+03
3.939000000000000000e+03
3.930000000000000000e+03
3.923000000000000000e+03
3.919000000000000000e+03
3.919000000000000000e+03
3.919000000000000000e+03
3.919000000000000000e+03
3.919000000000000000e+03
3.919000000000000000e+03
3.919000000000000000e+03
3.919000000000000000e+03
3.919000000000000000e+03
3.919000000000000000e+03
3.919000000000000000e+03
3.919000000000000000e+03
3.919000000000000000e+03
1.000000000000000000e+00
7.000000000000000000e+00
7.000000000000000000e+00
7.000000000000000000e+00
7.000000000000000000e+00
7.000000000000000000e+00
7.000000000000000000e+00
8.000000000000000000e+00
8.000000000000000000e+00
8.000000000000000000e+00
8.000000000000000000e+00
8.000000000000000000e+00
9.000000000000000000e+00
9.000000000000000000e+00
9.000000000000000000e+00
1.000000000000000000e+01
1.000000000000000000e+01
1.000000000000000000e+01
1.100000000000000000e+01
1.100000000000000000e+01
1.200000000000000000e+01
1.200000000000000000e+01
1.300000000000000000e+01
1.300000000000000000e+01
1.400000000000000000e+01
1.500000000000000000e+01
1.500000000000000000e+01
1.600000000000000000e+01
1.700000000000000000e+01
1.900000000000000000e+01
2.000000000000000000e+01
2.200000000000000000e+01
2.400000000000000000e+01
2.600000000000000000e+01
2.900000000000000000e+01
3.200000000000000000e+01
3.700000000000000000e+01
4.300000000000000000e+01
5.100000000000000000e+01
6.400000000000000000e+01
8.400000000000000000e+01
1.260000000000000000e+02
2.450000000000000000e+02
4.994000000000000000e+03
4.951000000000000000e+03
4.906000000000000000e+03
4.861000000000000000e+03
4.817000000000000000e+03
4.774000000000000000e+03
4.732000000000000000e+03
4.691000000000000000e+03
4.651000000000000000e+03
4.612000000000000000e+03
4.575000000000000000e+03
4.538000000000000000e+03
4.503000000000000000e+03
4.469000000000000000e+03
4.436000000000000000e+03
4.404000000000000000e+03
4.374000000000000000e+03
4.344000000000000000e+03
4.316000000000000000e+03
4.288000000000000000e+03
4.262000000000000000e+03
4.236000000000000000e+03
4.211000000000000000e+03
4.187000000000000000e+03
4.164000000000000000e+03
4.142000000000000000e+03
4.121000000000000000e+03
4.100000000000000000e+03
4.081000000000000000e+03
4.062000000000000000e+03
4.043000000000000000e+03
4.026000000000000000e+03
4.009000000000000000e+03
3.993000000000000000e+03
3.978000000000000000e+03
3.963000000000000000e+03
3.950000000000000000e+03
3.936000000000000000e+03
3.924000000000000000e+03
3.912000000000000000e+03
3.901000000000000000e+03
3.891000000000000000e+03
3.881000000000000000e+03
3.873000000000000000e+03
3.865000000000000000e+03
3.859000000000000000e+03
3.858000000000000000e+03
3.858000000000000000e+03
3.858000000000000000e+03
3.858000000000000000e+03
3.858000000000000000e+03
3.858000000000000000e+03
3.858000000000000000e+03
3.858000000000000000e+03
3.858000000000000000e+03
3.858000000000000000e+03
3.858000000000000000e+03
3.858000000000000000e+03
1.000000000000000000e+00
6.000000000000000000e+00
7.000000000000000000e+00
7.000000000000000000e+00
7.000000000000000000e+00
7.000000000000000000e+00
7.000000000000000000e+00
7.000000000000000000e+00
8.000000000000000000e+00
8.000000000000000000e+00
8.000000000000000000e+00
8.000000000000000000e+00
8.000000000000000000e+00
9.000000000000000000e+00
9.000000000000000000e+00
9.000000000000000000e+00
1.000000000000000000e+01
1.000000000000000000e+01
1.000000000000000000e+01
1.100000000000000000e+01
1.100000000000000000e+01
1.200000000000000000e+01
1.200000000000000000e+01
1.300000000000000000e+01
1.300000000000000000e+01
1.400000000000000000e+01
1.500000000000000000e+01
1.500000000000000000e+01
1.600000000000000000e+01
1.700000000000000000e+01
1.900000000000000000e+01
2.000000000000000000e+01
2.200000000000000000e+01
2.400000000000000000e+01
2.600000000000000000e+01
2.900000000000000000e+01
3.200000000000000000e+01
3.700000000000000000e+01
4.300000000000000000e+01
5.100000000000000000e+01
6.300000000000000000e+01
8.400000000000000000e+01
1.250000000000000000e+02
2.440000000000000000e+02
4.868000000000000000e+03
4.828000000000000000e+03
4.786000000000000000e+03
4.744000000000000000e+03
4.702000000000000000e+03
4.661000000000000000e+03
4.621000000000000000e+03
4.582000000000000000e+03
4.545000000000000000e+03
4.508000000000000000e+03
4.472000000000000000e+03
4.438000000000000000e+03
4.405000000000000000e+03
4.373000000000000000e+03
4.341000000000000000e+03
4.311000000000000000e+03
4.282000000000000000e+03
4.254000000000000000e+03
4.227000000000000000e+03
4.201000000000000000e+03
4.175000000000000000e+03
4.151000000000000000e+03
4.128000000000000000e+03
4.105000000000000000e+03
4.083000000000000000e+03
4.062000000000000000e+03
4.042000000000000000e+03
4.023000000000000000e+03
4.004000000000000000e+03
3.986000000000000000e+03
3.969000000000000000e+03
3.952000000000000000e+03
3.936000000000000000e+03
3.921000000000000000e+03
3.907000000000000000e+03
3.893000000000000000e+03
3.880000000000000000e+03
3.868000000000000000e+03
3.856000000000000000e+03
3.845000000000000000e+03
3.835000000000000000e+03
3.825000000000000000e+03
3.816000000000000000e+03
3.809000000000000000e+03
3.802000000000000000e+03
3.798000000000000000e+03
3.798000000000000000e+03
3.798000000000000000e+03
3.798000000000000000e+03
3.798000000000000000e+03
3.798000000000000000e+03
3.798000000000000000e+03
3.798000000000000000e+03
3.798000000000000000e+03
3.798000000000000000e+03
3.798000000000000000e+03
3.798000000000000000e+03
1.000000000000000000e+00
6.000000000000000000e+00
6.000000000000000000e+00
7.000000000000000000e+00
7.000000000000000000e+00
7.000000000000000000e+00
7.000000000000000000e+00
7.000000000000000000e+00
7.000000000000000000e+00
8.000000000000000000e+00
8.000000000000000000e+00
8.000000000000000000e+00
8.000000000000000000e+00
8.000000000000000000e+00
9.000000000000000000e+00
9.000000000000000000e+00
9.000000000000000000e+00
1.000000000000000000e+01
1.000000000000000000e+01
1.000000000000000000e+01
1.100000000000000000e+01
1.100000000000000000e+01
1.100000000000000000e+01
1.200000000000000000e+01
1.300000000000000000e+01
1.300000000000000000e+01
1.400000000000000000e+01
1.500000000000000000e+01
1.500000000000000000e+01
1.600000000000000000e+01
1.700000000000000000e+01
1.900000000000000000e+01
2.000000000000000000e+01
2.200000000000000000e+01
2.300000000000000000e+01
2.600000000000000000e+01
2.900000000000000000e+01
3.200000000000000000e+01
3.700000000000000000e+01
4.200000000000000000e+01
5.100000000000000000e+01
6.300000000000000000e+01
8.400000000000000000e+01
1.240000000000000000e+02
2.420000000000000000e+02
4.748000000000000000e+03
4.710000000000000000e+03
4.671000000000000000e+03
4.631000000000000000e+03
4.592000000000000000e+03
4.554000000000000000e+03
4.516000000000000000e+03
4.479000000000000000e+03
4.443000000000000000e+03
4.409000000000000000e+03
4.375000000000000000e+03
4.343000000000000000e+03
4.311000000000000000e+03
4.280000000000000000e+03
4.251000000000000000e+03
4.222000000000000000e+03
4.195000000000000000e+03
4.168000000000000000e+03
4.142000000000000000e+03
4.118000000000000000e+03
4.094000000000000000e+03
4.070000000000000000e+03
4.048000000000000000e+03
4.027000000000000000e+03
4.006000000000000000e+03
3.986000000000000000e+03
3.967000000000000000e+03
3.948000000000000000e+03
3.931000000000000000e+03
3.914000000000000000e+03
3.898000000000000000e+03
3.882000000000000000e+03
3.867000000000000000e+03
3.853000000000000000e+03
3.839000000000000000e+03
3.826000000000000000e+03
3.814000000000000000e+03
3.802000000000000000e+03
3.792000000000000000e+03
3.781000000000000000e+03
3.772000000000000000e+03
3.763000000000000000e+03
3.755000000000000000e+03
3.748000000000000000e+03
3.742000000000000000e+03
3.741000000000000000e+03
3.741000000000000000e+03
3.741000000000000000e+03
3.741000000000000000e+03
3.741000000000000000e+03
3.741000000000000000e+03
3.741000000000000000e+03
3.741000000000000000e+03
3.741000000000000000e+03
3.741000000000000000e+03
3.741000000000000000e+03
1.000000000000000000e+00
6.000000000000000000e+00
6.000000000000000000e+00
6.000000000000000000e+00
7.000000000000000000e+00
7.000000000000000000e+00
7.000000000000000000e+00
7.000000000000000000e+00
7.000000000000000000e+00
7.000000000000000000e+00
8.000000000000000000e+00
8.000000000000000000e+00
8.000000000000000000e+00
8.000000000000000000e+00
8.000000000000000000e+00
9.000000000000000000e+00
9.000000000000000000e+00
9.000000000000000000e+00
9.000000000000000000e+00
1.000000000000000000e+01
1.000000000000000000e+01
1.100000000000000000e+01
1.100000000000000000e+01
1.100000000000000000e+01
1.200000000000000000e+01
1.200000000000000000e+01
1.300000000000000000e+01
1.400000000000000000e+01
1.400000000000000000e+01
1.500000000000000000e+01
1.600000000000000000e+01
1.700000000000000000e+01
1.800000000000000000e+01
2.000000000000000000e+01
2.100000000000000000e+01
2.300000000000000000e+01
2.600000000000000000e+01
2.800000000000000000e+01
3.200000000000000000e+01
3.600000000000000000e+01
4.200000000000000000e+01
5.100000000000000000e+01
6.300000000000000000e+01
8.300000000000000000e+01
1.240000000000000000e+02
2.410000000000000000e+02
4.634000000000000000e+03
4.598000000000000000e+03
4.561000000000000000e+03
4.523000000000000000e+03
4.486000000000000000e+03
4.450000000000000000e+03
4.414000000000000000e+03
4.380000000000000000e+03
4.346000000000000000e+03
4.313000000000000000e+03
4.281000000000000000e+03
4.251000000000000000e+03
4.221000000000000000e+03
4.192000000000000000e+03
4.164000000000000000e+03
4.137000000000000000e+03
4.110000000000000000e+03
4.085000000000000000e+03
4.061000000000000000e+03
4.037000000000000000e+03
4.014000000000000000e+03
3.992000000000000000e+03
3.971000000000000000e+03
3.951000000000000000e+03
3.931000000000000000e+03
3.912000000000000000e+03
3.894000000000000000e+03
3.877000000000000000e+03
3.860000000000000000e+03
3.844000000000000000e+03
3.828000000000000000e+03
3.814000000000000000e+03
3.800000000000000000e+03
3.786000000000000000e+03
3.773000000000000000e+03
3.761000000000000000e+03
3.750000000000000000e+03
3.739000000000000000e+03
3.729000000000000000e+03
3.719000000000000000e+03
3.710000000000000000e+03
3.702000000000000000e+03
3.695000000000000000e+03
3.689000000000000000e+03
3.685000000000000000e+03
3.685000000000000000e+03
3.685000000000000000e+03
3.685000000000000000e+03
3.685000000000000000e+03
3.685000000000000000e+03
3.685000000000000000e+03
3.685000000000000000e+03
3.685000000000000000e+03
3.685000000000000000e+03
3.685000000000000000e+03
1.000000000000000000e+00
6.000000000000000000e+00
6.000000000000000000e+00
6.000000000000000000e+00
6.000000000000000000e+00
6.000000000000000000e+00
7.000000000000000000e+00
7.000000000000000000e+00
7.000000000000000000e+00
7.000000000000000000e+00
7.000000000000000000e+00
7.000000000000000000e+00
8.000000000000000000e+00
8.000000000000000000e+00
8.000000000000000000e+00
8.000000000000000000e+00
9.000000000000000000e+00
9.000000000000000000e+00
9.000000000000000000e+00
9.000000000000000000e+00
1.000000000000000000e+01
1.000000000000000000e+01
1.100000000000000000e+01
1.100000000000000000e+01
1.100000000000000000e+01
1.200000000000000000e+01
1.200000000000000000e+01
1.300000000000000000e+01
1.400000000000000000e+01
1.400000000000000000e+01
1.500000000000000000e+01
1.600000000000000000e+01
1.700000000000000000e+01
1.800000000000000000e+01
2.000000000000000000e+01
2.100000000000000000e+01
2.300000000000000000e+01
2.600000000000000000e+01
2.800000000000000000e+01
3.200000000000000000e+01
3.600000000000000000e+01
4.200000000000000000e+01
5.000000000000000000e+01
6.300000000000000000e+01
8.300000000000000000e+01
1.230000000000000000e+02
2.400000000000000000e+02
4.523000000000000000e+03
4.490000000000000000e+03
4.455000000000000000e+03
4.420000000000000000e+03
4.385000000000000000e+03
4.350000000000000000e+03
4.317000000000000000e+03
4.284000000000000000e+03
4.252000000000000000e+03
4.221000000000000000e+03
4.191000000000000000e+03
4.162000000000000000e+03
4.133000000000000000e+03
4.106000000000000000e+03
4.079000000000000000e+03
4.054000000000000000e+03
4.029000000000000000e+03
4.005000000000000000e+03
3.981000000000000000e+03
3.959000000000000000e+03
3.937000000000000000e+03
3.917000000000000000e+03
3.896000000000000000e+03
3.877000000000000000e+03
3.859000000000000000e+03
3.841000000000000000e+03
3.823000000000000000e+03
3.807000000000000000e+03
3.791000000000000000e+03
3.776000000000000000e+03
3.761000000000000000e+03
3.747000000000000000e+03
3.734000000000000000e+03
3.721000000000000000e+03
3.709000000000000000e+03
3.698000000000000000e+03
3.687000000000000000e+03
3.677000000000000000e+03
3.667000000000000000e+03
3.659000000000000000e+03
3.650000000000000000e+03
3.643000000000000000e+03
3.636000000000000000e+03
3.631000000000000000e+03
3.630000000000000000e+03
3.630000000000000000e+03
3.630000000000000000e+03
3.630000000000000000e+03
3.630000000000000000e+03
3.630000000000000000e+03
3.630000000000000000e+03
3.630000000000000000e+03
3.630000000000000000e+03
3.630000000000000000e+03
1.000000000000000000e+00
6.000000000000000000e+00
6.000000000000000000e+00
6.000000000000000000e+00
6.000000000000000000e+00
6.000000000000000000e+00
6.000000000000000000e+00
7.000000000000000000e+00
7.000000000000000000e+00
7.000000000000000000e+00
7.000000000000000000e+00
7.000000000000000000e+00
7.000000000000000000e+00
8.000000000000000000e+00
8.000000000000000000e+00
8.000000000000000000e+00
8.000000000000000000e+00
9.000000000000000000e+00
9.000000000000000000e+00
9.000000000000000000e+00
9.000000000000000000e+00
1.000000000000000000e+01
1.000000000000000000e+01
1.100000000000000000e+01
1.100000000000000000e+01
1.100000000000000000e+01
1.200000000000000000e+01
1.200000000000000000e+01
1.300000000000000000e+01
1.400000000000000000e+01
1.400000000000000000e+01
1.500000000000000000e+01
1.600000000000000000e+01
1.700000000000000000e+01
1.800000000000000000e+01
2.000000000000000000e+01
2.100000000000000000e+01
2.300000000000000000e+01
2.500000000000000000e+01
2.800000000000000000e+01
3.200000000000000000e+01
3.600000000000000000e+01
4.200000000000000000e+01
5.000000000000000000e+01
6.200000000000000000e+01
8.300000000000000000e+01
1.230000000000000000e+02
2.400000000000000000e+02
4.417000000000000000e+03
4.386000000000000000e+03
4.353000000000000000e+03
4.320000000000000000e+03
4.287000000000000000e+03
4.254000000000000000e+03
4.223000000000000000e+03
4.192000000000000000e+03
4.161000000000000000e+03
4.132000000000000000e+03
4.103000000000000000e+03
4.076000000000000000e+03
4.049000000000000000e+03
4.023000000000000000e+03
3.997000000000000000e+03
3.973000000000000000e+03
3.950000000000000000e+03
3.927000000000000000e+03
3.905000000000000000e+03
3.883000000000000000e+03
3.863000000000000000e+03
3.843000000000000000e+03
3.824000000000000000e+03
3.806000000000000000e+03
3.788000000000000000e+03
3.771000000000000000e+03
3.755000000000000000e+03
3.739000000000000000e+03
3.724000000000000000e+03
3.710000000000000000e+03
3.696000000000000000e+03
3.683000000000000000e+03
3.670000000000000000e+03
3.658000000000000000e+03
3.647000000000000000e+03
3.636000000000000000e+03
3.626000000000000000e+03
3.617000000000000000e+03
3.608000000000000000e+03
3.600000000000000000e+03
3.592000000000000000e+03
3.585000000000000000e+03
3.579000000000000000e+03
3.575000000000000000e+03
3.575000000000000000e+03
3.575000000000000000e+03
3.575000000000000000e+03
3.575000000000000000e+03
3.575000000000000000e+03
3.575000000000000000e+03
3.575000000000000000e+03
3.575000000000000000e+03
3.575000000000000000e+03
1.000000000000000000e+00
6.000000000000000000e+00
6.000000000000000000e+00
6.000000000000000000e+00
6.000000000000000000e+00
6.000000000000000000e+00
6.000000000000000000e+00
6.000000000000000000e+00
7.000000000000000000e+00
7.000000000000000000e+00
7.000000000000000000e+00
7.000000000000000000e+00
7.000000000000000000e+00
7.000000000000000000e+00
8.000000000000000000e+00
8.000000000000000000e+00
8.000000000000000000e+00
8.000000000000000000e+00
9.000000000000000000e+00
9.000000000000000000e+00
9.000000000000000000e+00
9.000000000000000000e+00
1.000000000000000000e+01
1.000000000000000000e+01
1.000000000000000000e+01
1.100000000000000000e+01
1.100000000000000000e+01
1.200000000000000000e+01
1.200000000000000000e+01
1.300000000000000000e+01
1.400000000000000000e+01
1.400000000000000000e+01
1.500000000000000000e+01
1.600000000000000000e+01
1.700000000000000000e+01
1.800000000000000000e+01
2.000000000000000000e+01
2.100000000000000000e+01
2.300000000000000000e+01
2.500000000000000000e+01
2.800000000000000000e+01
3.200000000000000000e+01
3.600000000000000000e+01
4.200000000000000000e+01
5.000000000000000000e+01
6.200000000000000000e+01
8.200000000000000000e+01
1.220000000000000000e+02
2.370000000000000000e+02
4.315000000000000000e+03
4.287000000000000000e+03
4.255000000000000000e+03
4.224000000000000000e+03
4.193000000000000000e+03
4.162000000000000000e+03
4.132000000000000000e+03
4.102000000000000000e+03
4.074000000000000000e+03
4.046000000000000000e+03
4.019000000000000000e+03
3.992000000000000000e+03
3.967000000000000000e+03
3.942000000000000000e+03
3.918000000000000000e+03
3.895000000000000000e+03
3.873000000000000000e+03
3.851000000000000000e+03
3.830000000000000000e+03
3.810000000000000000e+03
3.790000000000000000e+03
3.772000000000000000e+03
3.754000000000000000e+03
3.736000000000000000e+03
3.719000000000000000e+03
3.703000000000000000e+03
3.688000000000000000e+03
3.673000000000000000e+03
3.659000000000000000e+03
3.645000000000000000e+03
3.632000000000000000e+03
3.619000000000000000e+03
3.608000000000000000e+03
3.596000000000000000e+03
3.586000000000000000e+03
3.576000000000000000e+03
3.566000000000000000e+03
3.557000000000000000e+03
3.549000000000000000e+03
3.542000000000000000e+03
3.535000000000000000e+03
3.529000000000000000e+03
3.524000000000000000e+03
3.522000000000000000e+03
3.522000000000000000e+03
3.522000000000000000e+03
3.522000000000000000e+03
3.522000000000000000e+03
3.522000000000000000e+03
3.522000000000000000e+03
3.522000000000000000e+03
3.522000000000000000e+03
1.000000000000000000e+00
6.000000000000000000e+00
6.000000000000000000e+00
6.000000000000000000e+00
6.000000000000000000e+00
6.000000000000000000e+00
6.000000000000000000e+00
6.000000000000000000e+00
6.000000000000000000e+00
7.000000000000000000e+00
7.000000000000000000e+00
7.000000000000000000e+00
7.000000000000000000e+00
7.000000000000000000e+00
7.000000000000000000e+00
8.000000000000000000e+00
8.000000000000000000e+00
8.000000000000000000e+00
8.000000000000000000e+00
8.000000000000000000e+00
9.000000000000000000e+00
9.000000000000000000e+00
9.000000000000000000e+00
1.000000000000000000e+01
1.000000000000000000e+01
1.000000000000000000e+01
1.100000000000000000e+01
1.100000000000000000e+01
1.200000000000000000e+01
1.200000000000000000e+01
1.300000000000000000e+01
1.400000000000000000e+01
1.400000000000000000e+01
1.500000000000000000e+01
1.600000000000000000e+01
1.700000000000000000e+01
1.800000000000000000e+01
2.000000000000000000e+01
2.100000000000000000e+01
2.300000000000000000e+01
2.500000000000000000e+01
2.800000000000000000e+01
3.100000000000000000e+01
3.600000000000000000e+01
4.200000000000000000e+01
5.000000000000000000e+01
6.200000000000000000e+01
8.200000000000000000e+01
1.220000000000000000e+02
2.370000000000000000e+02
4.219000000000000000e+03
4.191000000000000000e+03
4.162000000000000000e+03
4.132000000000000000e+03
4.103000000000000000e+03
4.074000000000000000e+03
4.045000000000000000e+03
4.017000000000000000e+03
3.990000000000000000e+03
3.964000000000000000e+03
3.938000000000000000e+03
3.913000000000000000e+03
3.889000000000000000e+03
3.866000000000000000e+03
3.843000000000000000e+03
3.821000000000000000e+03
3.800000000000000000e+03
3.779000000000000000e+03
3.759000000000000000e+03
3.740000000000000000e+03
3.722000000000000000e+03
3.704000000000000000e+03
3.686000000000000000e+03
3.670000000000000000e+03
3.654000000000000000e+03
3.639000000000000000e+03
3.624000000000000000e+03
3.610000000000000000e+03
3.597000000000000000e+03
3.584000000000000000e+03
3.571000000000000000e+03
3.560000000000000000e+03
3.548000000000000000e+03
3.538000000000000000e+03
3.528000000000000000e+03
3.519000000000000000e+03
3.510000000000000000e+03
3.502000000000000000e+03
3.494000000000000000e+03
3.487000000000000000e+03
3.481000000000000000e+03
3.476000000000000000e+03
3.472000000000000000e+03
3.472000000000000000e+03
3.472000000000000000e+03
3.472000000000000000e+03
3.472000000000000000e+03
3.472000000000000000e+03
3.472000000000000000e+03
3.472000000000000000e+03
3.472000000000000000e+03
1.000000000000000000e+00
5.000000000000000000e+00
6.000000000000000000e+00
6.000000000000000000e+00
6.000000000000000000e+00
6.000000000000000000e+00
6.000000000000000000e+00
6.000000000000000000e+00
6.000000000000000000e+00
6.000000000000000000e+00
7.000000000000000000e+00
7.000000000000000000e+00
7.000000000000000000e+00
7.000000000000000000e+00
7.000000000000000000e+00
7.000000000000000000e+00
8.000000000000000000e+00
8.000000000000000000e+00
8.000000000000000000e+00
8.000000000000000000e+00
8.000000000000000000e+00
9.000000000000000000e+00
9.000000000000000000e+00
9.000000000000000000e+00
1.000000000000000000e+01
1.000000000000000000e+01
1.000000000000000000e+01
1.100000000000000000e+01
1.100000000000000000e+01
1.200000000000000000e+01
1.200000000000000000e+01
1.300000000000000000e+01
1.300000000000000000e+01
1.400000000000000000e+01
1.500000000000000000e+01
1.600000000000000000e+01
1.700000000000000000e+01
1.800000000000000000e+01
1.900000000000000000e+01
2.100000000000000000e+01
2.300000000000000000e+01
2.500000000000000000e+01
2.800000000000000000e+01
3.100000000000000000e+01
3.600000000000000000e+01
4.100000000000000000e+01
5.000000000000000000e+01
6.200000000000000000e+01
8.200000000000000000e+01
1.210000000000000000e+02
2.360000000000000000e+02
4.126000000000000000e+03
4.099000000000000000e+03
4.072000000000000000e+03
4.044000000000000000e+03
4.016000000000000000e+03
3.989000000000000000e+03
3.962000000000000000e+03
3.935000000000000000e+03
3.909000000000000000e+03
3.884000000000000000e+03
3.860000000000000000e+03
3.836000000000000000e+03
3.813000000000000000e+03
3.791000000000000000e+03
3.770000000000000000e+03
3.749000000000000000e+03
3.729000000000000000e+03
3.709000000000000000e+03
3.690000000000000000e+03
3.672000000000000000e+03
3.654000000000000000e+03
3.638000000000000000e+03
3.621000000000000000e+03
3.606000000000000000e+03
3.591000000000000000e+03
3.576000000000000000e+03
3.562000000000000000e+03
3.549000000000000000e+03
3.536000000000000000e+03
3.524000000000000000e+03
3.512000000000000000e+03
3.501000000000000000e+03
3.491000000000000000e+03
3.481000000000000000e+03
3.472000000000000000e+03
3.463000000000000000e+03
3.454000000000000000e+03
3.447000000000000000e+03
3.440000000000000000e+03
3.434000000000000000e+03
3.428000000000000000e+03
3.424000000000000000e+03
3.422000000000000000e+03
3.422000000000000000e+03
3.422000000000000000e+03
3.422000000000000000e+03
3.422000000000000000e+03
3.422000000000000000e+03
3.422000000000000000e+03
3.422000000000000000e+03
1.000000000000000000e+00
5.000000000000000000e+00
5.000000000000000000e+00
6.000000000000000000e+00
6.000000000000000000e+00
6.000000000000000000e+00
6.000000000000000000e+00
6.000000000000000000e+00
6.000000000000000000e+00
6.000000000000000000e+00
6.000000000000000000e+00
7.000000000000000000e+00
7.000000000000000000e+00
7.000000000000000000e+00
7.000000000000000000e+00
7.000000000000000000e+00
7.000000000000000000e+00
8.000000000000000000e+00
8.000000000000000000e+00
8.000000000000000000e+00
8.000000000000000000e+00
8.000000000000000000e+00
9.000000000000000000e+00
9.000000000000000000e+00
9.000000000000000000e+00
1.000000000000000000e+01
1.000000000000000000e+01
1.000000000000000000e+01
1.100000000000000000e+01
1.100000000000000000e+01
1.200000000000000000e+01
1.200000000000000000e+01
1.300000000000000000e+01
1.300000000000000000e+01
1.400000000000000000e+01
1.500000000000000000e+01
1.600000000000000000e+01
1.700000000000000000e+01
1.800000000000000000e+01
1.900000000000000000e+01
2.100000000000000000e+01
2.300000000000000000e+01
2.500000000000000000e+01
2.800000000000000000e+01
3.100000000000000000e+01
3.500000000000000000e+01
4.100000000000000000e+01
4.900000000000000000e+01
6.100000000000000000e+01
8.100000000000000000e+01
1.210000000000000000e+02
2.350000000000000000e+02
4.035000000000000000e+03
4.011000000000000000e+03
3.985000000000000000e+03
3.959000000000000000e+03
3.932000000000000000e+03
3.906000000000000000e+03
3.881000000000000000e+03
3.856000000000000000e+03
3.831000000000000000e+03
3.808000000000000000e+03
3.785000000000000000e+03
3.762000000000000000e+03
3.740000000000000000e+03
3.719000000000000000e+03
3.699000000000000000e+03
3.679000000000000000e+03
3.660000000000000000e+03
3.641000000000000000e+03
3.623000000000000000e+03
3.606000000000000000e+03
3.589000000000000000e+03
3.573000000000000000e+03
3.558000000000000000e+03
3.543000000000000000e+03
3.529000000000000000e+03
3.515000000000000000e+03
3.502000000000000000e+03
3.489000000000000000e+03
3.477000000000000000e+03
3.466000000000000000e+03
3.455000000000000000e+03
3.444000000000000000e+03
3.434000000000000000e+03
3.425000000000000000e+03
3.416000000000000000e+03
3.408000000000000000e+03
3.401000000000000000e+03
3.394000000000000000e+03
3.387000000000000000e+03
3.382000000000000000e+03
3.377000000000000000e+03
3.373000000000000000e+03
3.373000000000000000e+03
3.373000000000000000e+03
3.373000000000000000e+03
3.373000000000000000e+03
3.373000000000000000e+03
3.373000000000000000e+03
3.373000000000000000e+03
1.000000000000000000e+00
5.000000000000000000e+00
5.000000000000000000e+00
5.000000000000000000e+00
6.000000000000000000e+00
6.000000000000000000e+00
6.000000000000000000e+00
6.000000000000000000e+00
6.000000000000000000e+00
6.000000000000000000e+00
6.000000000000000000e+00
6.000000000000000000e+00
6.000000000000000000e+00
7.000000000000000000e+00
7.000000000000000000e+00
7.000000000000000000e+00
7.000000000000000000e+00
7.000000000000000000e+00
8.000000000000000000e+00
8.000000000000000000e+00
8.000000000000000000e+00
8.000000000000000000e+00
8.000000000000000000e+00
9.000000000000000000e+00
9.000000000000000000e+00
9.000000000000000000e+00
1.000000000000000000e+01
1.000000000000000000e+01
1.000000000000000000e+01
1.100000000000000000e+01
1.100000000000000000e+01
1.200000000000000000e+01
1.200000000000000000e+01
1.300000000000000000e+01
1.300000000000000000e+01
1.400000000000000000e+01
1.500000000000000000e+01
1.600000000000000000e+01
1.700000000000000000e+01
1.800000000000000000e+01
1.900000000000000000e+01
2.100000000000000000e+01
2.300000000000000000e+01
2.500000000000000000e+01
2.800000000000000000e+01
3.100000000000000000e+01
3.500000000000000000e+01
4.100000000000000000e+01
4.900000000000000000e+01
6.100000000000000000e+01
8.100000000000000000e+01
1.200000000000000000e+02
2.340000000000000000e+02
3.949000000000000000e+03
3.925000000000000000e+03
3.901000000000000000e+03
3.876000000000000000e+03
3.851000000000000000e+03
3.827000000000000000e+03
3.803000000000000000e+03
3.779000000000000000e+03
3.756000000000000000e+03
3.733000000000000000e+03
3.711000000000000000e+03
3.690000000000000000e+03
3.669000000000000000e+03
3.649000000000000000e+03
3.630000000000000000e+03
3.611000000000000000e+03
3.593000000000000000e+03
3.575000000000000000e+03
3.558000000000000000e+03
3.542000000000000000e+03
3.526000000000000000e+03
3.511000000000000000e+03
3.496000000000000000e+03
3.482000000000000000e+03
3.468000000000000000e+03
3.455000000000000000e+03
3.443000000000000000e+03
3.431000000000000000e+03
3.420000000000000000e+03
3.409000000000000000e+03
3.398000000000000000e+03
3.389000000000000000e+03
3.379000000000000000e+03
3.371000000000000000e+03
3.362000000000000000e+03
3.355000000000000000e+03
3.348000000000000000e+03
3.341000000000000000e+03
3.336000000000000000e+03
3.331000000000000000e+03
3.326000000000000000e+03
3.324000000000000000e+03
3.324000000000000000e+03
3.324000000000000000e+03
3.324000000000000000e+03
3.324000000000000000e+03
3.324000000000000000e+03
3.324000000000000000e+03
1.000000000000000000e+00
5.000000000000000000e+00
5.000000000000000000e+00
5.000000000000000000e+00
5.000000000000000000e+00
5.000000000000000000e+00
6.000000000000000000e+00
6.000000000000000000e+00
6.000000000000000000e+00
6.000000000000000000e+00
6.000000000000000000e+00
6.000000000000000000e+00
6.000000000000000000e+00
6.000000000000000000e+00
7.000000000000000000e+00
7.000000000000000000e+00
7.000000000000000000e+00
7.000000000000000000e+00
7.000000000000000000e+00
7.000000000000000000e+00
8.000000000000000000e+00
8.000000000000000000e+00
8.000000000000000000e+00
8.000000000000000000e+00
9.000000000000000000e+00
9.000000000000000000e+00
9.000000000000000000e+00
1.000000000000000000e+01
1.000000000000000000e+01
1.000000000000000000e+01
1.100000000000000000e+01
1.100000000000000000e+01
1.200000000000000000e+01
1.200000000000000000e+01
1.300000000000000000e+01
1.300000000000000000e+01
1.400000000000000000e+01
1.500000000000000000e+01
1.600000000000000000e+01
1.700000000000000000e+01
1.800000000000000000e+01
1.900000000000000000e+01
2.100000000000000000e+01
2.300000000000000000e+01
2.500000000000000000e+01
2.800000000000000000e+01
3.100000000000000000e+01
3.500000000000000000e+01
4.100000000000000000e+01
4.900000000000000000e+01
6.100000000000000000e+01
8.100000000000000000e+01
1.200000000000000000e+02
2.320000000000000000e+02
3.864000000000000000e+03
3.843000000000000000e+03
3.820000000000000000e+03
3.796000000000000000e+03
3.773000000000000000e+03
3.750000000000000000e+03
3.727000000000000000e+03
3.704000000000000000e+03
3.682000000000000000e+03
3.661000000000000000e+03
3.640000000000000000e+03
3.620000000000000000e+03
3.600000000000000000e+03
3.581000000000000000e+03
3.563000000000000000e+03
3.545000000000000000e+03
3.528000000000000000e+03
3.511000000000000000e+03
3.495000000000000000e+03
3.479000000000000000e+03
3.464000000000000000e+03
3.450000000000000000e+03
3.436000000000000000e+03
3.422000000000000000e+03
3.409000000000000000e+03
3.397000000000000000e+03
3.385000000000000000e+03
3.374000000000000000e+03
3.363000000000000000e+03
3.353000000000000000e+03
3.343000000000000000e+03
3.334000000000000000e+03
3.326000000000000000e+03
3.317000000000000000e+03
3.310000000000000000e+03
3.303000000000000000e+03
3.296000000000000000e+03
3.290000000000000000e+03
3.285000000000000000e+03
3.281000000000000000e+03
3.277000000000000000e+03
3.277000000000000000e+03
3.277000000000000000e+03
3.277000000000000000e+03
3.277000000000000000e+03
3.277000000000000000e+03
3.277000000000000000e+03
1.000000000000000000e+00
5.000000000000000000e+00
5.000000000000000000e+00
5.000000000000000000e+00
5.000000000000000000e+00
5.000000000000000000e+00
5.000000000000000000e+00
6.000000000000000000e+00
6.000000000000000000e+00
6.000000000000000000e+00
6.000000000000000000e+00
6.000000000000000000e+00
6.000000000000000000e+00
6.000000000000000000e+00
6.000000000000000000e+00
7.000000000000000000e+00
7.000000000000000000e+00
7.000000000000000000e+00
7.000000000000000000e+00
7.000000000000000000e+00
7.000000000000000000e+00
8.000000000000000000e+00
8.000000000000000000e+00
8.000000000000000000e+00
8.000000000000000000e+00
9.000000000000000000e+00
9.000000000000000000e+00
9.000000000000000000e+00
9.000000000000000000e+00
1.000000000000000000e+01
1.000000000000000000e+01
1.100000000000000000e+01
1.100000000000000000e+01
1.200000000000000000e+01
1.200000000000000000e+01
1.300000000000000000e+01
1.300000000000000000e+01
1.400000000000000000e+01
1.500000000000000000e+01
1.600000000000000000e+01
1.700000000000000000e+01
1.800000000000000000e+01
1.900000000000000000e+01
2.100000000000000000e+01
2.300000000000000000e+01
2.500000000000000000e+01
2.700000000000000000e+01
3.100000000000000000e+01
3.500000000000000000e+01
4.100000000000000000e+01
4.900000000000000000e+01
6.100000000000000000e+01
8.000000000000000000e+01
1.190000000000000000e+02
2.310000000000000000e+02
3.785000000000000000e+03
3.764000000000000000e+03
3.742000000000000000e+03
3.720000000000000000e+03
3.698000000000000000e+03
3.676000000000000000e+03
3.654000000000000000e+03
3.633000000000000000e+03
3.612000000000000000e+03
3.592000000000000000e+03
3.572000000000000000e+03
3.553000000000000000e+03
3.534000000000000000e+03
3.516000000000000000e+03
3.499000000000000000e+03
3.482000000000000000e+03
3.465000000000000000e+03
3.450000000000000000e+03
3.434000000000000000e+03
3.420000000000000000e+03
3.405000000000000000e+03
3.392000000000000000e+03
3.378000000000000000e+03
3.366000000000000000e+03
3.354000000000000000e+03
3.342000000000000000e+03
3.331000000000000000e+03
3.320000000000000000e+03
3.310000000000000000e+03
3.301000000000000000e+03
3.291000000000000000e+03
3.283000000000000000e+03
3.275000000000000000e+03
3.267000000000000000e+03
3.260000000000000000e+03
3.253000000000000000e+03
3.248000000000000000e+03
3.242000000000000000e+03
3.238000000000000000e+03
3.234000000000000000e+03
3.232000000000000000e+03
3.232000000000000000e+03
3.232000000000000000e+03
3.232000000000000000e+03
3.232000000000000000e+03
3.232000000000000000e+03
1.000000000000000000e+00
5.000000000000000000e+00
5.000000000000000000e+00
5.000000000000000000e+00
5.000000000000000000e+00
5.000000000000000000e+00
5.000000000000000000e+00
5.000000000000000000e+00
6.000000000000000000e+00
6.000000000000000000e+00
6.000000000000000000e+00
6.000000000000000000e+00
6.000000000000000000e+00
6.000000000000000000e+00
6.000000000000000000e+00
6.000000000000000000e+00
7.000000000000000000e+00
7.000000000000000000e+00
7.000000000000000000e+00
7.000000000000000000e+00
7.000000000000000000e+00
7.000000000000000000e+00
8.000000000000000000e+00
8.000000000000000000e+00
8.000000000000000000e+00
8.000000000000000000e+00
9.000000000000000000e+00
9.000000000000000000e+00
9.000000000000000000e+00
9.000000000000000000e+00
1.000000000000000000e+01
1.000000000000000000e+01
1.100000000000000000e+01
1.100000000000000000e+01
1.100000000000000000e+01
1.200000000000000000e+01
1.300000000000000000e+01
1.300000000000000000e+01
1.400000000000000000e+01
1.500000000000000000e+01
1.600000000000000000e+01
1.700000000000000000e+01
1.800000000000000000e+01
1.900000000000000000e+01
2.100000000000000000e+01
2.200000000000000000e+01
2.500000000000000000e+01
2.700000000000000000e+01
3.100000000000000000e+01
3.500000000000000000e+01
4.100000000000000000e+01
4.800000000000000000e+01
6.000000000000000000e+01
8.000000000000000000e+01
1.190000000000000000e+02
2.300000000000000000e+02
3.706000000000000000e+03
3.688000000000000000e+03
3.667000000000000000e+03
3.645000000000000000e+03
3.625000000000000000e+03
3.604000000000000000e+03
3.583000000000000000e+03
3.563000000000000000e+03
3.543000000000000000e+03
3.524000000000000000e+03
3.505000000000000000e+03
3.487000000000000000e+03
3.469000000000000000e+03
3.452000000000000000e+03
3.436000000000000000e+03
3.419000000000000000e+03
3.404000000000000000e+03
3.389000000000000000e+03
3.374000000000000000e+03
3.360000000000000000e+03
3.347000000000000000e+03
3.334000000000000000e+03
3.321000000000000000e+03
3.309000000000000000e+03
3.298000000000000000e+03
3.287000000000000000e+03
3.276000000000000000e+03
3.266000000000000000e+03
3.257000000000000000e+03
3.248000000000000000e+03
3.239000000000000000e+03
3.231000000000000000e+03
3.223000000000000000e+03
3.216000000000000000e+03
3.210000000000000000e+03
3.204000000000000000e+03
3.198000000000000000e+03
3.193000000000000000e+03
3.189000000000000000e+03
3.186000000000000000e+03
3.185000000000000000e+03
3.185000000000000000e+03
3.185000000000000000e+03
3.185000000000000000e+03
3.185000000000000000e+03
1.000000000000000000e+00
5.000000000000000000e+00
5.000000000000000000e+00
5.000000000000000000e+00
5.000000000000000000e+00
5.000000000000000000e+00
5.000000000000000000e+00
5.000000000000000000e+00
5.000000000000000000e+00
6.000000000000000000e+00
6.000000000000000000e+00
6.000000000000000000e+00
6.000000000000000000e+00
6.000000000000000000e+00
6.000000000000000000e+00
6.000000000000000000e+00
6.000000000000000000e+00
7.000000000000000000e+00
7.000000000000000000e+00
7.000000000000000000e+00
7.000000000000000000e+00
7.000000000000000000e+00
7.000000000000000000e+00
8.000000000000000000e+00
8.000000000000000000e+00
8.000000000000000000e+00
8.000000000000000000e+00
9.000000000000000000e+00
9.000000000000000000e+00
9.000000000000000000e+00
9.000000000000000000e+00
1.000000000000000000e+01
1.000000000000000000e+01
1.100000000000000000e+01
1.100000000000000000e+01
1.100000000000000000e+01
1.200000000000000000e+01
1.300000000000000000e+01
1.300000000000000000e+01
1.400000000000000000e+01
1.500000000000000000e+01
1.600000000000000000e+01
1.700000000000000000e+01
1.800000000000000000e+01
1.900000000000000000e+01
2.100000000000000000e+01
2.200000000000000000e+01
2.500000000000000000e+01
2.700000000000000000e+01
3.100000000000000000e+01
3.500000000000000000e+01
4.000000000000000000e+01
4.800000000000000000e+01
6.000000000000000000e+01
8.000000000000000000e+01
1.180000000000000000e+02
2.280000000000000000e+02
3.632000000000000000e+03
3.613000000000000000e+03
3.594000000000000000e+03
3.574000000000000000e+03
3.554000000000000000e+03
3.535000000000000000e+03
3.515000000000000000e+03
3.496000000000000000e+03
3.478000000000000000e+03
3.459000000000000000e+03
3.442000000000000000e+03
3.424000000000000000e+03
3.407000000000000000e+03
3.391000000000000000e+03
3.375000000000000000e+03
3.360000000000000000e+03
3.345000000000000000e+03
3.331000000000000000e+03
3.317000000000000000e+03
3.304000000000000000e+03
3.291000000000000000e+03
3.279000000000000000e+03
3.267000000000000000e+03
3.255000000000000000e+03
3.245000000000000000e+03
3.234000000000000000e+03
3.224000000000000000e+03
3.215000000000000000e+03
3.206000000000000000e+03
3.197000000000000000e+03
3.189000000000000000e+03
3.182000000000000000e+03
3.175000000000000000e+03
3.168000000000000000e+03
3.162000000000000000e+03
3.157000000000000000e+03
3.152000000000000000e+03
3.147000000000000000e+03
3.144000000000000000e+03
3.142000000000000000e+03
3.142000000000000000e+03
3.142000000000000000e+03
3.142000000000000000e+03
3.142000000000000000e+03
1.000000000000000000e+00
5.000000000000000000e+00
5.000000000000000000e+00
5.000000000000000000e+00
5.000000000000000000e+00
5.000000000000000000e+00
5.000000000000000000e+00
5.000000000000000000e+00
5.000000000000000000e+00
5.000000000000000000e+00
6.000000000000000000e+00
6.000000000000000000e+00
6.000000000000000000e+00
6.000000000000000000e+00
6.000000000000000000e+00
6.000000000000000000e+00
6.000000000000000000e+00
6.000000000000000000e+00
7.000000000000000000e+00
7.000000000000000000e+00
7.000000000000000000e+00
7.000000000000000000e+00
7.000000000000000000e+00
7.000000000000000000e+00
8.000000000000000000e+00
8.000000000000000000e+00
8.000000000000000000e+00
8.000000000000000000e+00
9.000000000000000000e+00
9.000000000000000000e+00
9.000000000000000000e+00
9.000000000000000000e+00
1.000000000000000000e+01
1.000000000000000000e+01
1.100000000000000000e+01
1.100000000000000000e+01
1.100000000000000000e+01
1.200000000000000000e+01
1.200000000000000000e+01
1.300000000000000000e+01
1.400000000000000000e+01
1.500000000000000000e+01
1.500000000000000000e+01
1.600000000000000000e+01
1.800000000000000000e+01
1.900000000000000000e+01
2.000000000000000000e+01
2.200000000000000000e+01
2.400000000000000000e+01
2.700000000000000000e+01
3.000000000000000000e+01
3.500000000000000000e+01
4.000000000000000000e+01
4.800000000000000000e+01
6.000000000000000000e+01
7.900000000000000000e+01
1.180000000000000000e+02
2.290000000000000000e+02
3.559000000000000000e+03
3.542000000000000000e+03
3.524000000000000000e+03
3.505000000000000000e+03
3.487000000000000000e+03
3.468000000000000000e+03
3.449000000000000000e+03
3.431000000000000000e+03
3.414000000000000000e+03
3.396000000000000000e+03
3.379000000000000000e+03
3.363000000000000000e+03
3.347000000000000000e+03
3.331000000000000000e+03
3.316000000000000000e+03
3.302000000000000000e+03
3.288000000000000000e+03
3.274000000000000000e+03
3.261000000000000000e+03
3.249000000000000000e+03
3.236000000000000000e+03
3.225000000000000000e+03
3.214000000000000000e+03
3.203000000000000000e+03
3.193000000000000000e+03
3.183000000000000000e+03
3.173000000000000000e+03
3.165000000000000000e+03
3.156000000000000000e+03
3.148000000000000000e+03
3.141000000000000000e+03
3.134000000000000000e+03
3.127000000000000000e+03
3.121000000000000000e+03
3.115000000000000000e+03
3.110000000000000000e+03
3.106000000000000000e+03
3.102000000000000000e+03
3.099000000000000000e+03
3.099000000000000000e+03
3.099000000000000000e+03
3.099000000000000000e+03
3.099000000000000000e+03
1.000000000000000000e+00
5.000000000000000000e+00
5.000000000000000000e+00
5.000000000000000000e+00
5.000000000000000000e+00
5.000000000000000000e+00
5.000000000000000000e+00
5.000000000000000000e+00
5.000000000000000000e+00
5.000000000000000000e+00
5.000000000000000000e+00
5.000000000000000000e+00
6.000000000000000000e+00
6.000000000000000000e+00
6.000000000000000000e+00
6.000000000000000000e+00
6.000000000000000000e+00
6.000000000000000000e+00
6.000000000000000000e+00
6.000000000000000000e+00
7.000000000000000000e+00
7.000000000000000000e+00
7.000000000000000000e+00
7.000000000000000000e+00
7.000000000000000000e+00
8.000000000000000000e+00
8.000000000000000000e+00
8.000000000000000000e+00
8.000000000000000000e+00
8.000000000000000000e+00
9.000000000000000000e+00
9.000000000000000000e+00
9.000000000000000000e+00
1.000000000000000000e+01
1.000000000000000000e+01
1.000000000000000000e+01
1.100000000000000000e+01
1.100000000000000000e+01
1.200000000000000000e+01
1.200000000000000000e+01
1.300000000000000000e+01
1.400000000000000000e+01
1.500000000000000000e+01
1.500000000000000000e+01
1.600000000000000000e+01
1.800000000000000000e+01
1.900000000000000000e+01
2.000000000000000000e+01
2.200000000000000000e+01
2.400000000000000000e+01
2.700000000000000000e+01
3.000000000000000000e+01
3.400000000000000000e+01
4.000000000000000000e+01
4.800000000000000000e+01
6.000000000000000000e+01
7.900000000000000000e+01
1.170000000000000000e+02
2.280000000000000000e+02
3.489000000000000000e+03
3.473000000000000000e+03
3.456000000000000000e+03
3.438000000000000000e+03
3.421000000000000000e+03
3.403000000000000000e+03
3.385000000000000000e+03
3.368000000000000000e+03
3.351000000000000000e+03
3.335000000000000000e+03
3.319000000000000000e+03
3.303000000000000000e+03
3.288000000000000000e+03
3.274000000000000000e+03
3.259000000000000000e+03
3.245000000000000000e+03
3.232000000000000000e+03
3.219000000000000000e+03
3.207000000000000000e+03
3.195000000000000000e+03
3.183000000000000000e+03
3.172000000000000000e+03
3.162000000000000000e+03
3.152000000000000000e+03
3.142000000000000000e+03
3.133000000000000000e+03
3.124000000000000000e+03
3.115000000000000000e+03
3.108000000000000000e+03
3.100000000000000000e+03
3.093000000000000000e+03
3.086000000000000000e+03
3.080000000000000000e+03
3.075000000000000000e+03
3.070000000000000000e+03
3.065000000000000000e+03
3.061000000000000000e+03
3.058000000000000000e+03
3.056000000000000000e+03
3.056000000000000000e+03
3.056000000000000000e+03
3.056000000000000000e+03
1.000000000000000000e+00
5.000000000000000000e+00
5.000000000000000000e+00
5.000000000000000000e+00
5.000000000000000000e+00
5.000000000000000000e+00
5.000000000000000000e+00
5.000000000000000000e+00
5.000000000000000000e+00
5.000000000000000000e+00
5.000000000000000000e+00
5.000000000000000000e+00
5.000000000000000000e+00
6.000000000000000000e+00
6.000000000000000000e+00
6.000000000000000000e+00
6.000000000000000000e+00
6.000000000000000000e+00
6.000000000000000000e+00
6.000000000000000000e+00
6.000000000000000000e+00
7.000000000000000000e+00
7.000000000000000000e+00
7.000000000000000000e+00
7.000000000000000000e+00
7.000000000000000000e+00
8.000000000000000000e+00
8.000000000000000000e+00
8.000000000000000000e+00
8.000000000000000000e+00
8.000000000000000000e+00
9.000000000000000000e+00
9.000000000000000000e+00
9.000000000000000000e+00
1.000000000000000000e+01
1.000000000000000000e+01
1.000000000000000000e+01
1.100000000000000000e+01
1.100000000000000000e+01
1.200000000000000000e+01
1.200000000000000000e+01
1.300000000000000000e+01
1.400000000000000000e+01
1.400000000000000000e+01
1.500000000000000000e+01
1.600000000000000000e+01
1.700000000000000000e+01
1.900000000000000000e+01
2.000000000000000000e+01
2.200000000000000000e+01
2.400000000000000000e+01
2.700000000000000000e+01
3.000000000000000000e+01
3.400000000000000000e+01
4.000000000000000000e+01
4.800000000000000000e+01
5.900000000000000000e+01
7.800000000000000000e+01
1.160000000000000000e+02
2.250000000000000000e+02
3.422000000000000000e+03
3.407000000000000000e+03
3.391000000000000000e+03
3.374000000000000000e+03
3.358000000000000000e+03
3.341000000000000000e+03
3.324000000000000000e+03
3.308000000000000000e+03
3.292000000000000000e+03
3.276000000000000000e+03
3.261000000000000000e+03
3.247000000000000000e+03
3.232000000000000000e+03
3.218000000000000000e+03
3.205000000000000000e+03
3.192000000000000000e+03
3.179000000000000000e+03
3.167000000000000000e+03
3.155000000000000000e+03
3.144000000000000000e+03
3.133000000000000000e+03
3.123000000000000000e+03
3.113000000000000000e+03
3.103000000000000000e+03
3.094000000000000000e+03
3.085000000000000000e+03
3.077000000000000000e+03
3.069000000000000000e+03
3.062000000000000000e+03
3.055000000000000000e+03
3.048000000000000000e+03
3.042000000000000000e+03
3.036000000000000000e+03
3.031000000000000000e+03
3.027000000000000000e+03
3.023000000000000000e+03
3.019000000000000000e+03
3.017000000000000000e+03
3.016000000000000000e+03
3.016000000000000000e+03
3.016000000000000000e+03
1.000000000000000000e+00
4.000000000000000000e+00
5.000000000000000000e+00
5.000000000000000000e+00
5.000000000000000000e+00
5.000000000000000000e+00
5.000000000000000000e+00
5.000000000000000000e+00
5.000000000000000000e+00
5.000000000000000000e+00
5.000000000000000000e+00
5.000000000000000000e+00
5.000000000000000000e+00
5.000000000000000000e+00
6.000000000000000000e+00
6.000000000000000000e+00
6.000000000000000000e+00
6.000000000000000000e+00
6.000000000000000000e+00
6.000000000000000000e+00
6.000000000000000000e+00
6.000000000000000000e+00
7.000000000000000000e+00
7.000000000000000000e+00
7.000000000000000000e+00
7.000000000000000000e+00
7.000000000000000000e+00
7.000000000000000000e+00
8.000000000000000000e+00
8.000000000000000000e+00
8.000000000000000000e+00
8.000000000000000000e+00
9.000000000000000000e+00
9.000000000000000000e+00
9.000000000000000000e+00
1.000000000000000000e+01
1.000000000000000000e+01
1.000000000000000000e+01
1.100000000000000000e+01
1.100000000000000000e+01
1.200000000000000000e+01
1.200000000000000000e+01
1.300000000000000000e+01
1.400000000000000000e+01
1.400000000000000000e+01
1.500000000000000000e+01
1.600000000000000000e+01
1.700000000000000000e+01
1.900000000000000000e+01
2.000000000000000000e+01
2.200000000000000000e+01
2.400000000000000000e+01
2.700000000000000000e+01
3.000000000000000000e+01
3.400000000000000000e+01
4.000000000000000000e+01
4.700000000000000000e+01
5.900000000000000000e+01
7.800000000000000000e+01
1.160000000000000000e+02
2.240000000000000000e+02
3.356000000000000000e+03
3.343000000000000000e+03
3.327000000000000000e+03
3.311000000000000000e+03
3.295000000000000000e+03
3.280000000000000000e+03
3.264000000000000000e+03
3.248000000000000000e+03
3.233000000000000000e+03
3.218000000000000000e+03
3.204000000000000000e+03
3.190000000000000000e+03
3.176000000000000000e+03
3.163000000000000000e+03
3.150000000000000000e+03
3.138000000000000000e+03
3.126000000000000000e+03
3.115000000000000000e+03
3.103000000000000000e+03
3.093000000000000000e+03
3.082000000000000000e+03
3.073000000000000000e+03
3.063000000000000000e+03
3.054000000000000000e+03
3.045000000000000000e+03
3.037000000000000000e+03
3.029000000000000000e+03
3.022000000000000000e+03
3.015000000000000000e+03
3.009000000000000000e+03
3.003000000000000000e+03
2.997000000000000000e+03
2.992000000000000000e+03
2.987000000000000000e+03
2.983000000000000000e+03
2.979000000000000000e+03
2.977000000000000000e+03
2.975000000000000000e+03
2.975000000000000000e+03
2.975000000000000000e+03
1.000000000000000000e+00
4.000000000000000000e+00
4.000000000000000000e+00
5.000000000000000000e+00
5.000000000000000000e+00
5.000000000000000000e+00
5.000000000000000000e+00
5.000000000000000000e+00
5.000000000000000000e+00
5.000000000000000000e+00
5.000000000000000000e+00
5.000000000000000000e+00
5.000000000000000000e+00
5.000000000000000000e+00
5.000000000000000000e+00
6.000000000000000000e+00
6.000000000000000000e+00
6.000000000000000000e+00
6.000000000000000000e+00
6.000000000000000000e+00
6.000000000000000000e+00
6.000000000000000000e+00
6.000000000000000000e+00
7.000000000000000000e+00
7.000000000000000000e+00
7.000000000000000000e+00
7.000000000000000000e+00
7.000000000000000000e+00
7.000000000000000000e+00
8.000000000000000000e+00
8.000000000000000000e+00
8.000000000000000000e+00
8.000000000000000000e+00
9.000000000000000000e+00
9.000000000000000000e+00
9.000000000000000000e+00
1.000000000000000000e+01
1.000000000000000000e+01
1.000000000000000000e+01
1.100000000000000000e+01
1.100000000000000000e+01
1.200000000000000000e+01
1.200000000000000000e+01
1.300000000000000000e+01
1.400000000000000000e+01
1.400000000000000000e+01
1.500000000000000000e+01
1.600000000000000000e+01
1.700000000000000000e+01
1.900000000000000000e+01
2.000000000000000000e+01
2.200000000000000000e+01
2.400000000000000000e+01
2.700000000000000000e+01
3.000000000000000000e+01
3.400000000000000000e+01
4.000000000000000000e+01
4.700000000000000000e+01
5.900000000000000000e+01
7.800000000000000000e+01
1.150000000000000000e+02
2.240000000000000000e+02
3.294000000000000000e+03
3.281000000000000000e+03
3.266000000000000000e+03
3.251000000000000000e+03
3.236000000000000000e+03
3.221000000000000000e+03
3.206000000000000000e+03
3.192000000000000000e+03
3.177000000000000000e+03
3.163000000000000000e+03
3.149000000000000000e+03
3.136000000000000000e+03
3.123000000000000000e+03
3.111000000000000000e+03
3.099000000000000000e+03
3.087000000000000000e+03
3.076000000000000000e+03
3.065000000000000000e+03
3.054000000000000000e+03
3.044000000000000000e+03
3.034000000000000000e+03
3.025000000000000000e+03
3.016000000000000000e+03
3.008000000000000000e+03
2.999000000000000000e+03
2.992000000000000000e+03
2.984000000000000000e+03
2.978000000000000000e+03
2.971000000000000000e+03
2.965000000000000000e+03
2.959000000000000000e+03
2.954000000000000000e+03
2.950000000000000000e+03
2.945000000000000000e+03
2.942000000000000000e+03
2.939000000000000000e+03
2.937000000000000000e+03
2.936000000000000000e+03
2.936000000000000000e+03
1.000000000000000000e+00
4.000000000000000000e+00
4.000000000000000000e+00
4.000000000000000000e+00
4.000000000000000000e+00
5.000000000000000000e+00
5.000000000000000000e+00
5.000000000000000000e+00
5.000000000000000000e+00
5.000000000000000000e+00
5.000000000000000000e+00
5.000000000000000000e+00
5.000000000000000000e+00
5.000000000000000000e+00
5.000000000000000000e+00
5.000000000000000000e+00
6.000000000000000000e+00
6.000000000000000000e+00
6.000000000000000000e+00
6.000000000000000000e+00
6.000000000000000000e+00
6.000000000000000000e+00
6.000000000000000000e+00
6.000000000000000000e+00
7.000000000000000000e+00
7.000000000000000000e+00
7.000000000000000000e+00
7.000000000000000000e+00
7.000000000000000000e+00
7.000000000000000000e+00
8.000000000000000000e+00
8.000000000000000000e+00
8.000000000000000000e+00
8.000000000000000000e+00
9.000000000000000000e+00
9.000000000000000000e+00
9.000000000000000000e+00
1.000000000000000000e+01
1.000000000000000000e+01
1.000000000000000000e+01
1.100000000000000000e+01
1.100000000000000000e+01
1.200000000000000000e+01
1.200000000000000000e+01
1.300000000000000000e+01
1.400000000000000000e+01
1.400000000000000000e+01
1.500000000000000000e+01
1.600000000000000000e+01
1.700000000000000000e+01
1.900000000000000000e+01
2.000000000000000000e+01
2.200000000000000000e+01
2.400000000000000000e+01
2.700000000000000000e+01
3.000000000000000000e+01
3.400000000000000000e+01
3.900000000000000000e+01
4.700000000000000000e+01
5.900000000000000000e+01
7.800000000000000000e+01
1.140000000000000000e+02
2.230000000000000000e+02
3.232000000000000000e+03
3.219000000000000000e+03
3.205000000000000000e+03
3.191000000000000000e+03
3.177000000000000000e+03
3.163000000000000000e+03
3.149000000000000000e+03
3.135000000000000000e+03
3.122000000000000000e+03
3.108000000000000000e+03
3.095000000000000000e+03
3.083000000000000000e+03
3.070000000000000000e+03
3.059000000000000000e+03
3.047000000000000000e+03
3.036000000000000000e+03
3.025000000000000000e+03
3.015000000000000000e+03
3.005000000000000000e+03
2.995000000000000000e+03
2.986000000000000000e+03
2.977000000000000000e+03
2.969000000000000000e+03
2.961000000000000000e+03
2.953000000000000000e+03
2.946000000000000000e+03
2.939000000000000000e+03
2.933000000000000000e+03
2.927000000000000000e+03
2.921000000000000000e+03
2.916000000000000000e+03
2.911000000000000000e+03
2.907000000000000000e+03
2.903000000000000000e+03
2.900000000000000000e+03
2.897000000000000000e+03
2.895000000000000000e+03
2.895000000000000000e+03
1.000000000000000000e+00
4.000000000000000000e+00
4.000000000000000000e+00
4.000000000000000000e+00
4.000000000000000000e+00
4.000000000000000000e+00
5.000000000000000000e+00
5.000000000000000000e+00
5.000000000000000000e+00
5.000000000000000000e+00
5.000000000000000000e+00
5.000000000000000000e+00
5.000000000000000000e+00
5.000000000000000000e+00
5.000000000000000000e+00
5.000000000000000000e+00
5.000000000000000000e+00
5.000000000000000000e+00
6.000000000000000000e+00
6.000000000000000000e+00
6.000000000000000000e+00
6.000000000000000000e+00
6.000000000000000000e+00
6.000000000000000000e+00
6.000000000000000000e+00
7.000000000000000000e+00
7.000000000000000000e+00
7.000000000000000000e+00
7.000000000000000000e+00
7.000000000000000000e+00
7.000000000000000000e+00
8.000000000000000000e+00
8.000000000000000000e+00
8.000000000000000000e+00
8.000000000000000000e+00
9.000000000000000000e+00
9.000000000000000000e+00
9.000000000000000000e+00
1.000000000000000000e+01
1.000000000000000000e+01
1.000000000000000000e+01
1.100000000000000000e+01
1.100000000000000000e+01
1.200000000000000000e+01
1.200000000000000000e+01
1.300000000000000000e+01
1.400000000000000000e+01
1.400000000000000000e+01
1.500000000000000000e+01
1.600000000000000000e+01
1.700000000000000000e+01
1.800000000000000000e+01
2.000000000000000000e+01
2.200000000000000000e+01
2.400000000000000000e+01
2.600000000000000000e+01
3.000000000000000000e+01
3.400000000000000000e+01
3.900000000000000000e+01
4.700000000000000000e+01
5.800000000000000000e+01
7.700000000000000000e+01
1.140000000000000000e+02
2.200000000000000000e+02
3.172000000000000000e+03
3.160000000000000000e+03
3.148000000000000000e+03
3.134000000000000000e+03
3.121000000000000000e+03
3.108000000000000000e+03
3.094000000000000000e+03
3.081000000000000000e+03
3.068000000000000000e+03
3.056000000000000000e+03
3.044000000000000000e+03
3.032000000000000000e+03
3.020000000000000000e+03
3.009000000000000000e+03
2.998000000000000000e+03
2.987000000000000000e+03
2.977000000000000000e+03
2.967000000000000000e+03
2.958000000000000000e+03
2.949000000000000000e+03
2.940000000000000000e+03
2.932000000000000000e+03
2.924000000000000000e+03
2.916000000000000000e+03
2.909000000000000000e+03
2.902000000000000000e+03
2.896000000000000000e+03
2.890000000000000000e+03
2.884000000000000000e+03
2.879000000000000000e+03
2.874000000000000000e+03
2.870000000000000000e+03
2.866000000000000000e+03
2.863000000000000000e+03
2.860000000000000000e+03
2.858000000000000000e+03
2.857000000000000000e+03
1.000000000000000000e+00
4.000000000000000000e+00
4.000000000000000000e+00
4.000000000000000000e+00
4.000000000000000000e+00
4.000000000000000000e+00
4.000000000000000000e+00
5.000000000000000000e+00
5.000000000000000000e+00
5.000000000000000000e+00
5.000000000000000000e+00
5.000000000000000000e+00
5.000000000000000000e+00
5.000000000000000000e+00
5.000000000000000000e+00
5.000000000000000000e+00
5.000000000000000000e+00
5.000000000000000000e+00
5.000000000000000000e+00
6.000000000000000000e+00
6.000000000000000000e+00
6.000000000000000000e+00
6.000000000000000000e+00
6.000000000000000000e+00
6.000000000000000000e+00
6.000000000000000000e+00
6.000000000000000000e+00
7.000000000000000000e+00
7.000000000000000000e+00
7.000000000000000000e+00
7.000000000000000000e+00
7.000000000000000000e+00
8.000000000000000000e+00
8.000000000000000000e+00
8.000000000000000000e+00
8.000000000000000000e+00
9.000000000000000000e+00
9.000000000000000000e+00
9.000000000000000000e+00
9.000000000000000000e+00
1.000000000000000000e+01
1.000000000000000000e+01
1.100000000000000000e+01
1.100000000000000000e+01
1.200000000000000000e+01
1.200000000000000000e+01
1.300000000000000000e+01
1.300000000000000000e+01
1.400000000000000000e+01
1.500000000000000000e+01
1.600000000000000000e+01
1.700000000000000000e+01
1.800000000000000000e+01
2.000000000000000000e+01
2.200000000000000000e+01
2.400000000000000000e+01
2.600000000000000000e+01
2.900000000000000000e+01
3.400000000000000000e+01
3.900000000000000000e+01
4.700000000000000000e+01
5.800000000000000000e+01
7.700000000000000000e+01
1.140000000000000000e+02
2.210000000000000000e+02
3.115000000000000000e+03
3.104000000000000000e+03
3.092000000000000000e+03
3.079000000000000000e+03
3.067000000000000000e+03
3.054000000000000000e+03
3.041000000000000000e+03
3.029000000000000000e+03
3.017000000000000000e+03
3.005000000000000000e+03
2.993000000000000000e+03
2.982000000000000000e+03
2.971000000000000000e+03
2.960000000000000000e+03
2.950000000000000000e+03
2.940000000000000000e+03
2.930000000000000000e+03
2.921000000000000000e+03
2.912000000000000000e+03
2.903000000000000000e+03
2.895000000000000000e+03
2.887000000000000000e+03
2.880000000000000000e+03
2.873000000000000000e+03
2.866000000000000000e+03
2.860000000000000000e+03
2.854000000000000000e+03
2.848000000000000000e+03
2.843000000000000000e+03
2.838000000000000000e+03
2.834000000000000000e+03
2.830000000000000000e+03
2.827000000000000000e+03
2.824000000000000000e+03
2.822000000000000000e+03
1.042000000000000000e+03
1.000000000000000000e+00
4.000000000000000000e+00
4.000000000000000000e+00
4.000000000000000000e+00
4.000000000000000000e+00
4.000000000000000000e+00
4.000000000000000000e+00
4.000000000000000000e+00
5.000000000000000000e+00
5.000000000000000000e+00
5.000000000000000000e+00
5.000000000000000000e+00
5.000000000000000000e+00
5.000000000000000000e+00
5.000000000000000000e+00
5.000000000000000000e+00
5.000000000000000000e+00
5.000000000000000000e+00
5.000000000000000000e+00
5.000000000000000000e+00
6.000000000000000000e+00
6.000000000000000000e+00
6.000000000000000000e+00
6.000000000000000000e+00
6.000000000000000000e+00
6.000000000000000000e+00
6.000000000000000000e+00
6.000000000000000000e+00
7.000000000000000000e+00
7.000000000000000000e+00
7.000000000000000000e+00
7.000000000000000000e+00
7.000000000000000000e+00
8.000000000000000000e+00
8.000000000000000000e+00
8.000000000000000000e+00
8.000000000000000000e+00
9.000000000000000000e+00
9.000000000000000000e+00
9.000000000000000000e+00
9.000000000000000000e+00
1.000000000000000000e+01
1.000000000000000000e+01
1.100000000000000000e+01
1.100000000000000000e+01
1.200000000000000000e+01
1.200000000000000000e+01
1.300000000000000000e+01
1.300000000000000000e+01
1.400000000000000000e+01
1.500000000000000000e+01
1.600000000000000000e+01
1.700000000000000000e+01
1.800000000000000000e+01
2.000000000000000000e+01
2.200000000000000000e+01
2.400000000000000000e+01
2.600000000000000000e+01
2.900000000000000000e+01
3.300000000000000000e+01
3.900000000000000000e+01
4.600000000000000000e+01
5.800000000000000000e+01
7.700000000000000000e+01
1.130000000000000000e+02
2.190000000000000000e+02
3.059000000000000000e+03
3.049000000000000000e+03
3.037000000000000000e+03
3.025000000000000000e+03
3.014000000000000000e+03
3.001000000000000000e+03
2.990000000000000000e+03
2.978000000000000000e+03
2.966000000000000000e+03
2.955000000000000000e+03
2.944000000000000000e+03
2.933000000000000000e+03
2.923000000000000000e+03
2.913000000000000000e+03
2.903000000000000000e+03
2.894000000000000000e+03
2.884000000000000000e+03
2.876000000000000000e+03
2.867000000000000000e+03
2.859000000000000000e+03
2.851000000000000000e+03
2.844000000000000000e+03
2.837000000000000000e+03
2.830000000000000000e+03
2.824000000000000000e+03
2.818000000000000000e+03
2.813000000000000000e+03
2.808000000000000000e+03
2.803000000000000000e+03
2.798000000000000000e+03
2.794000000000000000e+03
2.791000000000000000e+03
2.788000000000000000e+03
2.785000000000000000e+03
9.680000000000000000e+02
1.000000000000000000e+00
4.000000000000000000e+00
4.000000000000000000e+00
4.000000000000000000e+00
4.000000000000000000e+00
4.000000000000000000e+00
4.000000000000000000e+00
4.000000000000000000e+00
4.000000000000000000e+00
4.000000000000000000e+00
5.000000000000000000e+00
5.000000000000000000e+00
5.000000000000000000e+00
5.000000000000000000e+00
5.000000000000000000e+00
5.000000000000000000e+00
5.000000000000000000e+00
5.000000000000000000e+00
5.000000000000000000e+00
5.000000000000000000e+00
5.000000000000000000e+00
6.000000000000000000e+00
6.000000000000000000e+00
6.000000000000000000e+00
6.000000000000000000e+00
6.000000000000000000e+00
6.000000000000000000e+00
6.000000000000000000e+00
6.000000000000000000e+00
7.000000000000000000e+00
7.000000000000000000e+00
7.000000000000000000e+00
7.000000000000000000e+00
7.000000000000000000e+00
8.000000000000000000e+00
8.000000000000000000e+00
8.000000000000000000e+00
8.000000000000000000e+00
8.000000000000000000e+00
9.000000000000000000e+00
9.000000000000000000e+00
9.000000000000000000e+00
1.000000000000000000e+01
1.000000000000000000e+01
1.100000000000000000e+01
1.100000000000000000e+01
1.100000000000000000e+01
1.200000000000000000e+01
1.300000000000000000e+01
1.300000000000000000e+01
1.400000000000000000e+01
1.500000000000000000e+01
1.600000000000000000e+01
1.700000000000000000e+01
1.800000000000000000e+01
2.000000000000000000e+01
2.100000000000000000e+01
2.400000000000000000e+01
2.600000000000000000e+01
2.900000000000000000e+01
3.300000000000000000e+01
3.900000000000000000e+01
4.600000000000000000e+01
5.800000000000000000e+01
7.600000000000000000e+01
1.130000000000000000e+02
2.180000000000000000e+02
3.004000000000000000e+03
2.995000000000000000e+03
2.984000000000000000e+03
2.973000000000000000e+03
2.962000000000000000e+03
2.950000000000000000e+03
2.939000000000000000e+03
2.928000000000000000e+03
2.917000000000000000e+03
2.906000000000000000e+03
2.896000000000000000e+03
2.886000000000000000e+03
2.876000000000000000e+03
2.866000000000000000e+03
2.857000000000000000e+03
2.848000000000000000e+03
2.840000000000000000e+03
2.831000000000000000e+03
2.823000000000000000e+03
2.816000000000000000e+03
2.808000000000000000e+03
2.802000000000000000e+03
2.795000000000000000e+03
2.789000000000000000e+03
2.783000000000000000e+03
2.777000000000000000e+03
2.772000000000000000e+03
2.767000000000000000e+03
2.763000000000000000e+03
2.759000000000000000e+03
2.756000000000000000e+03
2.752000000000000000e+03
2.750000000000000000e+03
9.090000000000000000e+02
1.000000000000000000e+00
4.000000000000000000e+00
4.000000000000000000e+00
4.000000000000000000e+00
4.000000000000000000e+00
4.000000000000000000e+00
4.000000000000000000e+00
4.000000000000000000e+00
4.000000000000000000e+00
4.000000000000000000e+00
4.000000000000000000e+00
5.000000000000000000e+00
5.000000000000000000e+00
5.000000000000000000e+00
5.000000000000000000e+00
5.000000000000000000e+00
5.000000000000000000e+00
5.000000000000000000e+00
5.000000000000000000e+00
5.000000000000000000e+00
5.000000000000000000e+00
5.000000000000000000e+00
6.000000000000000000e+00
6.000000000000000000e+00
6.000000000000000000e+00
6.000000000000000000e+00
6.000000000000000000e+00
6.000000000000000000e+00
6.000000000000000000e+00
6.000000000000000000e+00
7.000000000000000000e+00
7.000000000000000000e+00
7.000000000000000000e+00
7.000000000000000000e+00
7.000000000000000000e+00
7.000000000000000000e+00
8.000000000000000000e+00
8.000000000000000000e+00
8.000000000000000000e+00
8.000000000000000000e+00
9.000000000000000000e+00
9.000000000000000000e+00
9.000000000000000000e+00
1.000000000000000000e+01
1.000000000000000000e+01
1.100000000000000000e+01
1.100000000000000000e+01
1.100000000000000000e+01
1.200000000000000000e+01
1.300000000000000000e+01
1.300000000000000000e+01
1.400000000000000000e+01
1.500000000000000000e+01
1.600000000000000000e+01
1.700000000000000000e+01
1.800000000000000000e+01
2.000000000000000000e+01
2.100000000000000000e+01
2.300000000000000000e+01
2.600000000000000000e+01
2.900000000000000000e+01
3.300000000000000000e+01
3.900000000000000000e+01
4.600000000000000000e+01
5.700000000000000000e+01
7.600000000000000000e+01
1.120000000000000000e+02
2.160000000000000000e+02
2.952000000000000000e+03
2.943000000000000000e+03
2.932000000000000000e+03
2.922000000000000000e+03
2.911000000000000000e+03
2.901000000000000000e+03
2.890000000000000000e+03
2.879000000000000000e+03
2.869000000000000000e+03
2.859000000000000000e+03
2.849000000000000000e+03
2.839000000000000000e+03
2.830000000000000000e+03
2.821000000000000000e+03
2.812000000000000000e+03
2.804000000000000000e+03
2.796000000000000000e+03
2.788000000000000000e+03
2.780000000000000000e+03
2.773000000000000000e+03
2.766000000000000000e+03
2.760000000000000000e+03
2.754000000000000000e+03
2.748000000000000000e+03
2.742000000000000000e+03
2.737000000000000000e+03
2.733000000000000000e+03
2.728000000000000000e+03
2.724000000000000000e+03
2.721000000000000000e+03
2.717000000000000000e+03
2.715000000000000000e+03
8.560000000000000000e+02
1.000000000000000000e+00
4.000000000000000000e+00
4.000000000000000000e+00
4.000000000000000000e+00
4.000000000000000000e+00
4.000000000000000000e+00
4.000000000000000000e+00
4.000000000000000000e+00
4.000000000000000000e+00
4.000000000000000000e+00
4.000000000000000000e+00
4.000000000000000000e+00
5.000000000000000000e+00
5.000000000000000000e+00
5.000000000000000000e+00
5.000000000000000000e+00
5.000000000000000000e+00
5.000000000000000000e+00
5.000000000000000000e+00
5.000000000000000000e+00
5.000000000000000000e+00
5.000000000000000000e+00
5.000000000000000000e+00
5.000000000000000000e+00
6.000000000000000000e+00
6.000000000000000000e+00
6.000000000000000000e+00
6.000000000000000000e+00
6.000000000000000000e+00
6.000000000000000000e+00
6.000000000000000000e+00
7.000000000000000000e+00
7.000000000000000000e+00
7.000000000000000000e+00
7.000000000000000000e+00
7.000000000000000000e+00
7.000000000000000000e+00
8.000000000000000000e+00
8.000000000000000000e+00
8.000000000000000000e+00
8.000000000000000000e+00
9.000000000000000000e+00
9.000000000000000000e+00
9.000000000000000000e+00
1.000000000000000000e+01
1.000000000000000000e+01
1.000000000000000000e+01
1.100000000000000000e+01
1.100000000000000000e+01
1.200000000000000000e+01
1.300000000000000000e+01
1.300000000000000000e+01
1.400000000000000000e+01
1.500000000000000000e+01
1.600000000000000000e+01
1.700000000000000000e+01
1.800000000000000000e+01
2.000000000000000000e+01
2.100000000000000000e+01
2.300000000000000000e+01
2.600000000000000000e+01
2.900000000000000000e+01
3.300000000000000000e+01
3.800000000000000000e+01
4.600000000000000000e+01
5.700000000000000000e+01
7.500000000000000000e+01
1.120000000000000000e+02
2.140000000000000000e+02
2.901000000000000000e+03
2.893000000000000000e+03
2.883000000000000000e+03
2.873000000000000000e+03
2.863000000000000000e+03
2.853000000000000000e+03
2.843000000000000000e+03
2.833000000000000000e+03
2.823000000000000000e+03
2.814000000000000000e+03
2.804000000000000000e+03
2.795000000000000000e+03
2.787000000000000000e+03
2.778000000000000000e+03
2.770000000000000000e+03
2.762000000000000000e+03
2.754000000000000000e+03
2.747000000000000000e+03
2.740000000000000000e+03
2.733000000000000000e+03
2.727000000000000000e+03
2.721000000000000000e+03
2.715000000000000000e+03
2.710000000000000000e+03
2.704000000000000000e+03
2.700000000000000000e+03
2.695000000000000000e+03
2.691000000000000000e+03
2.688000000000000000e+03
2.684000000000000000e+03
2.682000000000000000e+03
8.130000000000000000e+02
1.000000000000000000e+00
4.000000000000000000e+00
4.000000000000000000e+00
4.000000000000000000e+00
4.000000000000000000e+00
4.000000000000000000e+00
4.000000000000000000e+00
4.000000000000000000e+00
4.000000000000000000e+00
4.000000000000000000e+00
4.000000000000000000e+00
4.000000000000000000e+00
4.000000000000000000e+00
5.000000000000000000e+00
5.000000000000000000e+00
5.000000000000000000e+00
5.000000000000000000e+00
5.000000000000000000e+00
5.000000000000000000e+00
5.000000000000000000e+00
5.000000000000000000e+00
5.000000000000000000e+00
5.000000000000000000e+00
5.000000000000000000e+00
5.000000000000000000e+00
6.000000000000000000e+00
6.000000000000000000e+00
6.000000000000000000e+00
6.000000000000000000e+00
6.000000000000000000e+00
6.000000000000000000e+00
6.000000000000000000e+00
7.000000000000000000e+00
7.000000000000000000e+00
7.000000000000000000e+00
7.000000000000000000e+00
7.000000000000000000e+00
7.000000000000000000e+00
8.000000000000000000e+00
8.000000000000000000e+00
8.000000000000000000e+00
8.000000000000000000e+00
9.000000000000000000e+00
9.000000000000000000e+00
9.000000000000000000e+00
1.000000000000000000e+01
1.000000000000000000e+01
1.000000000000000000e+01
1.100000000000000000e+01
1.100000000000000000e+01
1.200000000000000000e+01
1.200000000000000000e+01
1.300000000000000000e+01
1.400000000000000000e+01
1.500000000000000000e+01
1.600000000000000000e+01
1.700000000000000000e+01
1.800000000000000000e+01
1.900000000000000000e+01
2.100000000000000000e+01
2.300000000000000000e+01
2.600000000000000000e+01
2.900000000000000000e+01
3.300000000000000000e+01
3.800000000000000000e+01
4.600000000000000000e+01
5.700000000000000000e+01
7.500000000000000000e+01
1.110000000000000000e+02
2.150000000000000000e+02
2.851000000000000000e+03
2.843000000000000000e+03
2.834000000000000000e+03
2.825000000000000000e+03
2.815000000000000000e+03
2.806000000000000000e+03
2.796000000000000000e+03
2.787000000000000000e+03
2.777000000000000000e+03
2.768000000000000000e+03
2.760000000000000000e+03
2.751000000000000000e+03
2.743000000000000000e+03
2.735000000000000000e+03
2.727000000000000000e+03
2.719000000000000000e+03
2.712000000000000000e+03
2.705000000000000000e+03
2.699000000000000000e+03
2.692000000000000000e+03
2.686000000000000000e+03
2.681000000000000000e+03
2.675000000000000000e+03
2.670000000000000000e+03
2.666000000000000000e+03
2.661000000000000000e+03
2.657000000000000000e+03
2.654000000000000000e+03
2.650000000000000000e+03
2.647000000000000000e+03
7.680000000000000000e+02
1.000000000000000000e+00
4.000000000000000000e+00
4.000000000000000000e+00
4.000000000000000000e+00
4.000000000000000000e+00
4.000000000000000000e+00
4.000000000000000000e+00
4.000000000000000000e+00
4.000000000000000000e+00
4.000000000000000000e+00
4.000000000000000000e+00
4.000000000000000000e+00
4.000000000000000000e+00
4.000000000000000000e+00
4.000000000000000000e+00
5.000000000000000000e+00
5.000000000000000000e+00
5.000000000000000000e+00
5.000000000000000000e+00
5.000000000000000000e+00
5.000000000000000000e+00
5.000000000000000000e+00
5.000000000000000000e+00
5.000000000000000000e+00
5.000000000000000000e+00
5.000000000000000000e+00
6.000000000000000000e+00
6.000000000000000000e+00
6.000000000000000000e+00
6.000000000000000000e+00
6.000000000000000000e+00
6.000000000000000000e+00
6.000000000000000000e+00
6.000000000000000000e+00
7.000000000000000000e+00
7.000000000000000000e+00
7.000000000000000000e+00
7.000000000000000000e+00
7.000000000000000000e+00
8.000000000000000000e+00
8.000000000000000000e+00
8.000000000000000000e+00
8.000000000000000000e+00
9.000000000000000000e+00
9.000000000000000000e+00
9.000000000000000000e+00
1.000000000000000000e+01
1.000000000000000000e+01
1.000000000000000000e+01
1.100000000000000000e+01
1.100000000000000000e+01
1.200000000000000000e+01
1.200000000000000000e+01
1.300000000000000000e+01
1.400000000000000000e+01
1.500000000000000000e+01
1.600000000000000000e+01
1.700000000000000000e+01
1.800000000000000000e+01
1.900000000000000000e+01
2.100000000000000000e+01
2.300000000000000000e+01
2.600000000000000000e+01
2.900000000000000000e+01
3.300000000000000000e+01
3.800000000000000000e+01
4.500000000000000000e+01
5.700000000000000000e+01
7.500000000000000000e+01
1.110000000000000000e+02
2.140000000000000000e+02
2.803000000000000000e+03
2.796000000000000000e+03
2.787000000000000000e+03
2.778000000000000000e+03
2.770000000000000000e+03
2.760000000000000000e+03
2.751000000000000000e+03
2.743000000000000000e+03
2.734000000000000000e+03
2.725000000000000000e+03
2.717000000000000000e+03
2.709000000000000000e+03
2.701000000000000000e+03
2.694000000000000000e+03
2.686000000000000000e+03
2.679000000000000000e+03
2.672000000000000000e+03
2.666000000000000000e+03
2.660000000000000000e+03
2.654000000000000000e+03
2.648000000000000000e+03
2.643000000000000000e+03
2.638000000000000000e+03
2.633000000000000000e+03
2.629000000000000000e+03
2.625000000000000000e+03
2.621000000000000000e+03
2.618000000000000000e+03
2.615000000000000000e+03
7.300000000000000000e+02
1.000000000000000000e+00
4.000000000000000000e+00
4.000000000000000000e+00
4.000000000000000000e+00
4.000000000000000000e+00
4.000000000000000000e+00
4.000000000000000000e+00
4.000000000000000000e+00
4.000000000000000000e+00
4.000000000000000000e+00
4.000000000000000000e+00
4.000000000000000000e+00
4.000000000000000000e+00
4.000000000000000000e+00
4.000000000000000000e+00
4.000000000000000000e+00
5.000000000000000000e+00
5.000000000000000000e+00
5.000000000000000000e+00
5.000000000000000000e+00
5.000000000000000000e+00
5.000000000000000000e+00
5.000000000000000000e+00
5.000000000000000000e+00
5.000000000000000000e+00
5.000000000000000000e+00
5.000000000000000000e+00
6.000000000000000000e+00
6.000000000000000000e+00
6.000000000000000000e+00
6.000000000000000000e+00
6.000000000000000000e+00
6.000000000000000000e+00
6.000000000000000000e+00
6.000000000000000000e+00
7.000000000000000000e+00
7.000000000000000000e+00
7.000000000000000000e+00
7.000000000000000000e+00
7.000000000000000000e+00
8.000000000000000000e+00
8.000000000000000000e+00
8.000000000000000000e+00
8.000000000000000000e+00
9.000000000000000000e+00
9.000000000000000000e+00
9.000000000000000000e+00
1.000000000000000000e+01
1.000000000000000000e+01
1.000000000000000000e+01
1.100000000000000000e+01
1.100000000000000000e+01
1.200000000000000000e+01
1.200000000000000000e+01
1.300000000000000000e+01
1.400000000000000000e+01
1.500000000000000000e+01
1.600000000000000000e+01
1.700000000000000000e+01
1.800000000000000000e+01
1.900000000000000000e+01
2.100000000000000000e+01
2.300000000000000000e+01
2.600000000000000000e+01
2.900000000000000000e+01
3.300000000000000000e+01
3.800000000000000000e+01
4.500000000000000000e+01
5.600000000000000000e+01
7.400000000000000000e+01
1.100000000000000000e+02
2.120000000000000000e+02
2.755000000000000000e+03
2.748000000000000000e+03
2.741000000000000000e+03
2.732000000000000000e+03
2.724000000000000000e+03
2.715000000000000000e+03
2.707000000000000000e+03
2.698000000000000000e+03
2.690000000000000000e+03
2.682000000000000000e+03
2.674000000000000000e+03
2.667000000000000000e+03
2.659000000000000000e+03
2.652000000000000000e+03
2.645000000000000000e+03
2.639000000000000000e+03
2.632000000000000000e+03
2.626000000000000000e+03
2.620000000000000000e+03
2.615000000000000000e+03
2.610000000000000000e+03
2.605000000000000000e+03
2.600000000000000000e+03
2.596000000000000000e+03
2.592000000000000000e+03
2.588000000000000000e+03
2.585000000000000000e+03
2.582000000000000000e+03
6.890000000000000000e+02
1.000000000000000000e+00
4.000000000000000000e+00
4.000000000000000000e+00
4.000000000000000000e+00
4.000000000000000000e+00
4.000000000000000000e+00
4.000000000000000000e+00
4.000000000000000000e+00
4.000000000000000000e+00
4.000000000000000000e+00
4.000000000000000000e+00
4.000000000000000000e+00
4.000000000000000000e+00
4.000000000000000000e+00
4.000000000000000000e+00
4.000000000000000000e+00
4.000000000000000000e+00
5.000000000000000000e+00
5.000000000000000000e+00
5.000000000000000000e+00
5.000000000000000000e+00
5.000000000000000000e+00
5.000000000000000000e+00
5.000000000000000000e+00
5.000000000000000000e+00
5.000000000000000000e+00
5.000000000000000000e+00
5.000000000000000000e+00
6.000000000000000000e+00
6.000000000000000000e+00
6.000000000000000000e+00
6.000000000000000000e+00
6.000000000000000000e+00
6.000000000000000000e+00
6.000000000000000000e+00
6.000000000000000000e+00
7.000000000000000000e+00
7.000000000000000000e+00
7.000000000000000000e+00
7.000000000000000000e+00
7.000000000000000000e+00
8.000000000000000000e+00
8.000000000000000000e+00
8.000000000000000000e+00
8.000000000000000000e+00
9.000000000000000000e+00
9.000000000000000000e+00
9.000000000000000000e+00
1.000000000000000000e+01
1.000000000000000000e+01
1.000000000000000000e+01
1.100000000000000000e+01
1.100000000000000000e+01
1.200000000000000000e+01
1.200000000000000000e+01
1.300000000000000000e+01
1.400000000000000000e+01
1.500000000000000000e+01
1.500000000000000000e+01
1.700000000000000000e+01
1.800000000000000000e+01
1.900000000000000000e+01
2.100000000000000000e+01
2.300000000000000000e+01
2.500000000000000000e+01
2.800000000000000000e+01
3.200000000000000000e+01
3.800000000000000000e+01
4.500000000000000000e+01
5.600000000000000000e+01
7.400000000000000000e+01
1.090000000000000000e+02
2.100000000000000000e+02
2.709000000000000000e+03
2.703000000000000000e+03
2.696000000000000000e+03
2.688000000000000000e+03
2.680000000000000000e+03
2.672000000000000000e+03
2.664000000000000000e+03
2.657000000000000000e+03
2.649000000000000000e+03
2.641000000000000000e+03
2.634000000000000000e+03
2.626000000000000000e+03
2.619000000000000000e+03
2.613000000000000000e+03
2.606000000000000000e+03
2.600000000000000000e+03
2.594000000000000000e+03
2.588000000000000000e+03
2.583000000000000000e+03
2.578000000000000000e+03
2.573000000000000000e+03
2.568000000000000000e+03
2.564000000000000000e+03
2.560000000000000000e+03
2.556000000000000000e+03
2.553000000000000000e+03
2.550000000000000000e+03
6.550000000000000000e+02
1.000000000000000000e+00
4.000000000000000000e+00
4.000000000000000000e+00
4.000000000000000000e+00
4.000000000000000000e+00
4.000000000000000000e+00
4.000000000000000000e+00
4.000000000000000000e+00
4.000000000000000000e+00
4.000000000000000000e+00
4.000000000000000000e+00
4.000000000000000000e+00
4.000000000000000000e+00
4.000000000000000000e+00
4.000000000000000000e+00
4.000000000000000000e+00
4.000000000000000000e+00
4.000000000000000000e+00
5.000000000000000000e+00
5.000000000000000000e+00
5.000000000000000000e+00
5.000000000000000000e+00
5.000000000000000000e+00
5.000000000000000000e+00
5.000000000000000000e+00
5.000000000000000000e+00
5.000000000000000000e+00
5.000000000000000000e+00
5.000000000000000000e+00
5.000000000000000000e+00
6.000000000000000000e+00
6.000000000000000000e+00
6.000000000000000000e+00
6.000000000000000000e+00
6.000000000000000000e+00
6.000000000000000000e+00
6.000000000000000000e+00
7.000000000000000000e+00
7.000000000000000000e+00
7.000000000000000000e+00
7.000000000000000000e+00
7.000000000000000000e+00
8.000000000000000000e+00
8.000000000000000000e+00
8.000000000000000000e+00
8.000000000000000000e+00
9.000000000000000000e+00
9.000000000000000000e+00
9.000000000000000000e+00
9.000000000000000000e+00
1.000000000000000000e+01
1.000000000000000000e+01
1.100000000000000000e+01
1.100000000000000000e+01
1.200000000000000000e+01
1.200000000000000000e+01
1.300000000000000000e+01
1.400000000000000000e+01
1.400000000000000000e+01
1.500000000000000000e+01
1.600000000000000000e+01
1.800000000000000000e+01
1.900000000000000000e+01
2.100000000000000000e+01
2.300000000000000000e+01
2.500000000000000000e+01
2.800000000000000000e+01
3.200000000000000000e+01
3.800000000000000000e+01
4.500000000000000000e+01
5.600000000000000000e+01
7.400000000000000000e+01
1.090000000000000000e+02
2.100000000000000000e+02
2.665000000000000000e+03
2.659000000000000000e+03
2.652000000000000000e+03
2.645000000000000000e+03
2.638000000000000000e+03
2.630000000000000000e+03
2.623000000000000000e+03
2.615000000000000000e+03
2.608000000000000000e+03
2.601000000000000000e+03
2.594000000000000000e+03
2.587000000000000000e+03
2.581000000000000000e+03
2.574000000000000000e+03
2.568000000000000000e+03
2.562000000000000000e+03
2.557000000000000000e+03
2.551000000000000000e+03
2.546000000000000000e+03
2.541000000000000000e+03
2.537000000000000000e+03
2.533000000000000000e+03
2.529000000000000000e+03
2.525000000000000000e+03
2.522000000000000000e+03
2.519000000000000000e+03
6.210000000000000000e+02
1.000000000000000000e+00
4.000000000000000000e+00
4.000000000000000000e+00
4.000000000000000000e+00
4.000000000000000000e+00
4.000000000000000000e+00
4.000000000000000000e+00
4.000000000000000000e+00
4.000000000000000000e+00
4.000000000000000000e+00
4.000000000000000000e+00
4.000000000000000000e+00
4.000000000000000000e+00
4.000000000000000000e+00
4.000000000000000000e+00
4.000000000000000000e+00
4.000000000000000000e+00
4.000000000000000000e+00
4.000000000000000000e+00
4.000000000000000000e+00
5.000000000000000000e+00
5.000000000000000000e+00
5.000000000000000000e+00
5.000000000000000000e+00
5.000000000000000000e+00
5.000000000000000000e+00
5.000000000000000000e+00
5.000000000000000000e+00
5.000000000000000000e+00
5.000000000000000000e+00
5.000000000000000000e+00
6.000000000000000000e+00
6.000000000000000000e+00
6.000000000000000000e+00
6.000000000000000000e+00
6.000000000000000000e+00
6.000000000000000000e+00
6.000000000000000000e+00
7.000000000000000000e+00
7.000000000000000000e+00
7.000000000000000000e+00
7.000000000000000000e+00
7.000000000000000000e+00
7.000000000000000000e+00
8.000000000000000000e+00
8.000000000000000000e+00
8.000000000000000000e+00
8.000000000000000000e+00
9.000000000000000000e+00
9.000000000000000000e+00
9.000000000000000000e+00
1.000000000000000000e+01
1.000000000000000000e+01
1.100000000000000000e+01
1.100000000000000000e+01
1.200000000000000000e+01
1.200000000000000000e+01
1.300000000000000000e+01
1.400000000000000000e+01
1.400000000000000000e+01
1.500000000000000000e+01
1.600000000000000000e+01
1.800000000000000000e+01
1.900000000000000000e+01
2.100000000000000000e+01
2.300000000000000000e+01
2.500000000000000000e+01
2.800000000000000000e+01
3.200000000000000000e+01
3.700000000000000000e+01
4.500000000000000000e+01
5.500000000000000000e+01
7.300000000000000000e+01
1.090000000000000000e+02
2.100000000000000000e+02
2.621000000000000000e+03
2.616000000000000000e+03
2.610000000000000000e+03
2.603000000000000000e+03
2.596000000000000000e+03
2.589000000000000000e+03
2.582000000000000000e+03
2.575000000000000000e+03
2.568000000000000000e+03
2.562000000000000000e+03
2.555000000000000000e+03
2.549000000000000000e+03
2.543000000000000000e+03
2.537000000000000000e+03
2.531000000000000000e+03
2.525000000000000000e+03
2.520000000000000000e+03
2.515000000000000000e+03
2.510000000000000000e+03
2.506000000000000000e+03
2.502000000000000000e+03
2.498000000000000000e+03
2.494000000000000000e+03
2.491000000000000000e+03
2.488000000000000000e+03
5.890000000000000000e+02
1.000000000000000000e+00
3.000000000000000000e+00
4.000000000000000000e+00
4.000000000000000000e+00
4.000000000000000000e+00
4.000000000000000000e+00
4.000000000000000000e+00
4.000000000000000000e+00
4.000000000000000000e+00
4.000000000000000000e+00
4.000000000000000000e+00
4.000000000000000000e+00
4.000000000000000000e+00
4.000000000000000000e+00
4.000000000000000000e+00
4.000000000000000000e+00
4.000000000000000000e+00
4.000000000000000000e+00
4.000000000000000000e+00
4.000000000000000000e+00
4.000000000000000000e+00
5.000000000000000000e+00
5.000000000000000000e+00
5.000000000000000000e+00
5.000000000000000000e+00
5.000000000000000000e+00
5.000000000000000000e+00
5.000000000000000000e+00
5.000000000000000000e+00
5.000000000000000000e+00
5.000000000000000000e+00
5.000000000000000000e+00
6.000000000000000000e+00
6.000000000000000000e+00
6.000000000000000000e+00
6.000000000000000000e+00
6.000000000000000000e+00
6.000000000000000000e+00
6.000000000000000000e+00
7.000000000000000000e+00
7.000000000000000000e+00
7.000000000000000000e+00
7.000000000000000000e+00
7.000000000000000000e+00
7.000000000000000000e+00
8.000000000000000000e+00
8.000000000000000000e+00
8.000000000000000000e+00
8.000000000000000000e+00
9.000000000000000000e+00
9.000000000000000000e+00
9.000000000000000000e+00
1.000000000000000000e+01
1.000000000000000000e+01
1.100000000000000000e+01
1.100000000000000000e+01
1.200000000000000000e+01
1.200000000000000000e+01
1.300000000000000000e+01
1.400000000000000000e+01
1.400000000000000000e+01
1.500000000000000000e+01
1.600000000000000000e+01
1.800000000000000000e+01
1.900000000000000000e+01
2.100000000000000000e+01
2.300000000000000000e+01
2.500000000000000000e+01
2.800000000000000000e+01
3.200000000000000000e+01
3.700000000000000000e+01
4.400000000000000000e+01
5.500000000000000000e+01
7.300000000000000000e+01
1.080000000000000000e+02
2.090000000000000000e+02
2.580000000000000000e+03
2.574000000000000000e+03
2.568000000000000000e+03
2.562000000000000000e+03
2.556000000000000000e+03
2.549000000000000000e+03
2.542000000000000000e+03
2.536000000000000000e+03
2.529000000000000000e+03
2.523000000000000000e+03
2.517000000000000000e+03
2.511000000000000000e+03
2.505000000000000000e+03
2.500000000000000000e+03
2.494000000000000000e+03
2.489000000000000000e+03
2.484000000000000000e+03
2.480000000000000000e+03
2.475000000000000000e+03
2.471000000000000000e+03
2.467000000000000000e+03
2.464000000000000000e+03
2.460000000000000000e+03
2.458000000000000000e+03
5.570000000000000000e+02
1.000000000000000000e+00
3.000000000000000000e+00
3.000000000000000000e+00
3.000000000000000000e+00
4.000000000000000000e+00
4.000000000000000000e+00
4.000000000000000000e+00
4.000000000000000000e+00
4.000000000000000000e+00
4.000000000000000000e+00
4.000000000000000000e+00
4.000000000000000000e+00
4.000000000000000000e+00
4.000000000000000000e+00
4.000000000000000000e+00
4.000000000000000000e+00
4.000000000000000000e+00
4.000000000000000000e+00
4.000000000000000000e+00
4.000000000000000000e+00
4.000000000000000000e+00
4.000000000000000000e+00
5.000000000000000000e+00
5.000000000000000000e+00
5.000000000000000000e+00
5.000000000000000000e+00
5.000000000000000000e+00
5.000000000000000000e+00
5.000000000000000000e+00
5.000000000000000000e+00
5.000000000000000000e+00
5.000000000000000000e+00
5.000000000000000000e+00
6.000000000000000000e+00
6.000000000000000000e+00
6.000000000000000000e+00
6.000000000000000000e+00
6.000000000000000000e+00
6.000000000000000000e+00
6.000000000000000000e+00
6.000000000000000000e+00
7.000000000000000000e+00
7.000000000000000000e+00
7.000000000000000000e+00
7.000000000000000000e+00
7.000000000000000000e+00
8.000000000000000000e+00
8.000000000000000000e+00
8.000000000000000000e+00
8.000000000000000000e+00
9.000000000000000000e+00
9.000000000000000000e+00
9.000000000000000000e+00
1.000000000000000000e+01
1.000000000000000000e+01
1.100000000000000000e+01
1.100000000000000000e+01
1.200000000000000000e+01
1.200000000000000000e+01
1.300000000000000000e+01
1.400000000000000000e+01
1.400000000000000000e+01
1.500000000000000000e+01
1.600000000000000000e+01
1.700000000000000000e+01
1.900000000000000000e+01
2.100000000000000000e+01
2.300000000000000000e+01
2.500000000000000000e+01
2.800000000000000000e+01
3.200000000000000000e+01
3.700000000000000000e+01
4.400000000000000000e+01
5.500000000000000000e+01
7.300000000000000000e+01
1.070000000000000000e+02
2.070000000000000000e+02
2.538000000000000000e+03
2.533000000000000000e+03
2.528000000000000000e+03
2.522000000000000000e+03
2.516000000000000000e+03
2.510000000000000000e+03
2.504000000000000000e+03
2.498000000000000000e+03
2.491000000000000000e+03
2.485000000000000000e+03
2.480000000000000000e+03
2.474000000000000000e+03
2.469000000000000000e+03
2.464000000000000000e+03
2.458000000000000000e+03
2.454000000000000000e+03
2.449000000000000000e+03
2.445000000000000000e+03
2.441000000000000000e+03
2.437000000000000000e+03
2.434000000000000000e+03
2.430000000000000000e+03
2.427000000000000000e+03
5.260000000000000000e+02
1.000000000000000000e+00
3.000000000000000000e+00
3.000000000000000000e+00
3.000000000000000000e+00
3.000000000000000000e+00
4.000000000000000000e+00
4.000000000000000000e+00
4.000000000000000000e+00
4.000000000000000000e+00
4.000000000000000000e+00
4.000000000000000000e+00
4.000000000000000000e+00
4.000000000000000000e+00
4.000000000000000000e+00
4.000000000000000000e+00
4.000000000000000000e+00
4.000000000000000000e+00
4.000000000000000000e+00
4.000000000000000000e+00
4.000000000000000000e+00
4.000000000000000000e+00
4.000000000000000000e+00
4.000000000000000000e+00
5.000000000000000000e+00
5.000000000000000000e+00
5.000000000000000000e+00
5.000000000000000000e+00
5.000000000000000000e+00
5.000000000000000000e+00
5.000000000000000000e+00
5.000000000000000000e+00
5.000000000000000000e+00
5.000000000000000000e+00
5.000000000000000000e+00
6.000000000000000000e+00
6.000000000000000000e+00
6.000000000000000000e+00
6.000000000000000000e+00
6.000000000000000000e+00
6.000000000000000000e+00
6.000000000000000000e+00
6.000000000000000000e+00
7.000000000000000000e+00
7.000000000000000000e+00
7.000000000000000000e+00
7.000000000000000000e+00
7.000000000000000000e+00
8.000000000000000000e+00
8.000000000000000000e+00
8.000000000000000000e+00
8.000000000000000000e+00
9.000000000000000000e+00
9.000000000000000000e+00
9.000000000000000000e+00
1.000000000000000000e+01
1.000000000000000000e+01
1.100000000000000000e+01
1.100000000000000000e+01
1.200000000000000000e+01
1.200000000000000000e+01
1.300000000000000000e+01
1.300000000000000000e+01
1.400000000000000000e+01
1.500000000000000000e+01
1.600000000000000000e+01
1.700000000000000000e+01
1.900000000000000000e+01
2.000000000000000000e+01
2.200000000000000000e+01
2.500000000000000000e+01
2.800000000000000000e+01
3.200000000000000000e+01
3.700000000000000000e+01
4.400000000000000000e+01
5.500000000000000000e+01
7.200000000000000000e+01
1.070000000000000000e+02
2.050000000000000000e+02
2.498000000000000000e+03
2.493000000000000000e+03
2.489000000000000000e+03
2.483000000000000000e+03
2.477000000000000000e+03
2.472000000000000000e+03
2.465000000000000000e+03
2.460000000000000000e+03
2.454000000000000000e+03
2.449000000000000000e+03
2.443000000000000000e+03
2.438000000000000000e+03
2.433000000000000000e+03
2.428000000000000000e+03
2.423000000000000000e+03
2.419000000000000000e+03
2.415000000000000000e+03
2.411000000000000000e+03
2.407000000000000000e+03
2.403000000000000000e+03
2.400000000000000000e+03
2.397000000000000000e+03
4.960000000000000000e+02
1.000000000000000000e+00
3.000000000000000000e+00
3.000000000000000000e+00
3.000000000000000000e+00
3.000000000000000000e+00
3.000000000000000000e+00
4.000000000000000000e+00
4.000000000000000000e+00
4.000000000000000000e+00
4.000000000000000000e+00
4.000000000000000000e+00
4.000000000000000000e+00
4.000000000000000000e+00
4.000000000000000000e+00
4.000000000000000000e+00
4.000000000000000000e+00
4.000000000000000000e+00
4.000000000000000000e+00
4.000000000000000000e+00
4.000000000000000000e+00
4.000000000000000000e+00
4.000000000000000000e+00
4.000000000000000000e+00
4.000000000000000000e+00
4.000000000000000000e+00
5.000000000000000000e+00
5.000000000000000000e+00
5.000000000000000000e+00
5.000000000000000000e+00
5.000000000000000000e+00
5.000000000000000000e+00
5.000000000000000000e+00
5.000000000000000000e+00
5.000000000000000000e+00
5.000000000000000000e+00
5.000000000000000000e+00
6.000000000000000000e+00
6.000000000000000000e+00
6.000000000000000000e+00
6.000000000000000000e+00
6.000000000000000000e+00
6.000000000000000000e+00
6.000000000000000000e+00
7.000000000000000000e+00
7.000000000000000000e+00
7.000000000000000000e+00
7.000000000000000000e+00
7.000000000000000000e+00
8.000000000000000000e+00
8.000000000000000000e+00
8.000000000000000000e+00
8.000000000000000000e+00
9.000000000000000000e+00
9.000000000000000000e+00
9.000000000000000000e+00
1.000000000000000000e+01
1.000000000000000000e+01
1.000000000000000000e+01
1.100000000000000000e+01
1.100000000000000000e+01
1.200000000000000000e+01
1.300000000000000000e+01
1.300000000000000000e+01
1.400000000000000000e+01
1.500000000000000000e+01
1.600000000000000000e+01
1.700000000000000000e+01
1.900000000000000000e+01
2.000000000000000000e+01
2.200000000000000000e+01
2.500000000000000000e+01
2.800000000000000000e+01
3.200000000000000000e+01
3.700000000000000000e+01
4.400000000000000000e+01
5.400000000000000000e+01
7.200000000000000000e+01
1.060000000000000000e+02
2.040000000000000000e+02
2.458000000000000000e+03
2.455000000000000000e+03
2.450000000000000000e+03
2.445000000000000000e+03
2.439000000000000000e+03
2.434000000000000000e+03
2.428000000000000000e+03
2.423000000000000000e+03
2.418000000000000000e+03
2.413000000000000000e+03
2.407000000000000000e+03
2.403000000000000000e+03
2.398000000000000000e+03
2.393000000000000000e+03
2.389000000000000000e+03
2.385000000000000000e+03
2.381000000000000000e+03
2.377000000000000000e+03
2.374000000000000000e+03
2.370000000000000000e+03
2.368000000000000000e+03
4.660000000000000000e+02
1.000000000000000000e+00
3.000000000000000000e+00
3.000000000000000000e+00
3.000000000000000000e+00
3.000000000000000000e+00
3.000000000000000000e+00
3.000000000000000000e+00
3.000000000000000000e+00
4.000000000000000000e+00
4.000000000000000000e+00
4.000000000000000000e+00
4.000000000000000000e+00
4.000000000000000000e+00
4.000000000000000000e+00
4.000000000000000000e+00
4.000000000000000000e+00
4.000000000000000000e+00
4.000000000000000000e+00
4.000000000000000000e+00
4.000000000000000000e+00
4.000000000000000000e+00
4.000000000000000000e+00
4.000000000000000000e+00
4.000000000000000000e+00
4.000000000000000000e+00
4.000000000000000000e+00
5.000000000000000000e+00
5.000000000000000000e+00
5.000000000000000000e+00
5.000000000000000000e+00
5.000000000000000000e+00
5.000000000000000000e+00
5.000000000000000000e+00
5.000000000000000000e+00
5.000000000000000000e+00
5.000000000000000000e+00
5.000000000000000000e+00
6.000000000000000000e+00
6.000000000000000000e+00
6.000000000000000000e+00
6.000000000000000000e+00
6.000000000000000000e+00
6.000000000000000000e+00
6.000000000000000000e+00
7.000000000000000000e+00
7.000000000000000000e+00
7.000000000000000000e+00
7.000000000000000000e+00
7.000000000000000000e+00
8.000000000000000000e+00
8.000000000000000000e+00
8.000000000000000000e+00
8.000000000000000000e+00
9.000000000000000000e+00
9.000000000000000000e+00
9.000000000000000000e+00
1.000000000000000000e+01
1.000000000000000000e+01
1.000000000000000000e+01
1.100000000000000000e+01
1.100000000000000000e+01
1.200000000000000000e+01
1.300000000000000000e+01
1.300000000000000000e+01
1.400000000000000000e+01
1.500000000000000000e+01
1.600000000000000000e+01
1.700000000000000000e+01
1.900000000000000000e+01
2.000000000000000000e+01
2.200000000000000000e+01
2.500000000000000000e+01
2.800000000000000000e+01
3.100000000000000000e+01
3.700000000000000000e+01
4.400000000000000000e+01
5.400000000000000000e+01
7.100000000000000000e+01
1.060000000000000000e+02
2.030000000000000000e+02
2.420000000000000000e+03
2.416000000000000000e+03
2.412000000000000000e+03
2.407000000000000000e+03
2.402000000000000000e+03
2.397000000000000000e+03
2.392000000000000000e+03
2.387000000000000000e+03
2.382000000000000000e+03
2.377000000000000000e+03
2.373000000000000000e+03
2.368000000000000000e+03
2.364000000000000000e+03
2.359000000000000000e+03
2.355000000000000000e+03
2.351000000000000000e+03
2.348000000000000000e+03
2.344000000000000000e+03
2.341000000000000000e+03
2.338000000000000000e+03
4.370000000000000000e+02
1.000000000000000000e+00
3.000000000000000000e+00
3.000000000000000000e+00
3.000000000000000000e+00
3.000000000000000000e+00
3.000000000000000000e+00
3.000000000000000000e+00
3.000000000000000000e+00
3.000000000000000000e+00
4.000000000000000000e+00
4.000000000000000000e+00
4.000000000000000000e+00
4.000000000000000000e+00
4.000000000000000000e+00
4.000000000000000000e+00
4.000000000000000000e+00
4.000000000000000000e+00
4.000000000000000000e+00
4.000000000000000000e+00
4.000000000000000000e+00
4.000000000000000000e+00
4.000000000000000000e+00
4.000000000000000000e+00
4.000000000000000000e+00
4.000000000000000000e+00
4.000000000000000000e+00
4.000000000000000000e+00
5.000000000000000000e+00
5.000000000000000000e+00
5.000000000000000000e+00
5.000000000000000000e+00
5.000000000000000000e+00
5.000000000000000000e+00
5.000000000000000000e+00
5.000000000000000000e+00
5.000000000000000000e+00
5.000000000000000000e+00
5.000000000000000000e+00
6.000000000000000000e+00
6.000000000000000000e+00
6.000000000000000000e+00
6.000000000000000000e+00
6.000000000000000000e+00
6.000000000000000000e+00
6.000000000000000000e+00
7.000000000000000000e+00
7.000000000000000000e+00
7.000000000000000000e+00
7.000000000000000000e+00
7.000000000000000000e+00
8.000000000000000000e+00
8.000000000000000000e+00
8.000000000000000000e+00
8.000000000000000000e+00
9.000000000000000000e+00
9.000000000000000000e+00
9.000000000000000000e+00
1.000000000000000000e+01
1.000000000000000000e+01
1.000000000000000000e+01
1.100000000000000000e+01
1.100000000000000000e+01
1.200000000000000000e+01
1.300000000000000000e+01
1.300000000000000000e+01
1.400000000000000000e+01
1.500000000000000000e+01
1.600000000000000000e+01
1.700000000000000000e+01
1.900000000000000000e+01
2.000000000000000000e+01
2.200000000000000000e+01
2.500000000000000000e+01
2.700000000000000000e+01
3.100000000000000000e+01
3.600000000000000000e+01
4.300000000000000000e+01
5.400000000000000000e+01
7.200000000000000000e+01
1.060000000000000000e+02
2.040000000000000000e+02
2.383000000000000000e+03
2.380000000000000000e+03
2.376000000000000000e+03
2.372000000000000000e+03
2.367000000000000000e+03
2.362000000000000000e+03
2.358000000000000000e+03
2.353000000000000000e+03
2.348000000000000000e+03
2.344000000000000000e+03
2.339000000000000000e+03
2.335000000000000000e+03
2.331000000000000000e+03
2.327000000000000000e+03
2.323000000000000000e+03
2.320000000000000000e+03
2.316000000000000000e+03
2.313000000000000000e+03
2.311000000000000000e+03
4.130000000000000000e+02
1.000000000000000000e+00
3.000000000000000000e+00
3.000000000000000000e+00
3.000000000000000000e+00
3.000000000000000000e+00
3.000000000000000000e+00
3.000000000000000000e+00
3.000000000000000000e+00
3.000000000000000000e+00
3.000000000000000000e+00
4.000000000000000000e+00
4.000000000000000000e+00
4.000000000000000000e+00
4.000000000000000000e+00
4.000000000000000000e+00
4.000000000000000000e+00
4.000000000000000000e+00
4.000000000000000000e+00
4.000000000000000000e+00
4.000000000000000000e+00
4.000000000000000000e+00
4.000000000000000000e+00
4.000000000000000000e+00
4.000000000000000000e+00
4.000000000000000000e+00
4.000000000000000000e+00
4.000000000000000000e+00
4.000000000000000000e+00
5.000000000000000000e+00
5.000000000000000000e+00
5.000000000000000000e+00
5.000000000000000000e+00
5.000000000000000000e+00
5.000000000000000000e+00
5.000000000000000000e+00
5.000000000000000000e+00
5.000000000000000000e+00
5.000000000000000000e+00
5.000000000000000000e+00
6.000000000000000000e+00
6.000000000000000000e+00
6.000000000000000000e+00
6.000000000000000000e+00
6.000000000000000000e+00
6.000000000000000000e+00
6.000000000000000000e+00
7.000000000000000000e+00
7.000000000000000000e+00
7.000000000000000000e+00
7.000000000000000000e+00
7.000000000000000000e+00
7.000000000000000000e+00
8.000000000000000000e+00
8.000000000000000000e+00
8.000000000000000000e+00
9.000000000000000000e+00
9.000000000000000000e+00
9.000000000000000000e+00
1.000000000000000000e+01
1.000000000000000000e+01
1.000000000000000000e+01
1.100000000000000000e+01
1.100000000000000000e+01
1.200000000000000000e+01
1.300000000000000000e+01
1.300000000000000000e+01
1.400000000000000000e+01
1.500000000000000000e+01
1.600000000000000000e+01
1.700000000000000000e+01
1.800000000000000000e+01
2.000000000000000000e+01
2.200000000000000000e+01
2.400000000000000000e+01
2.700000000000000000e+01
3.100000000000000000e+01
3.600000000000000000e+01
4.300000000000000000e+01
5.400000000000000000e+01
7.100000000000000000e+01
1.050000000000000000e+02
2.020000000000000000e+02
2.346000000000000000e+03
2.344000000000000000e+03
2.340000000000000000e+03
2.336000000000000000e+03
2.331000000000000000e+03
2.327000000000000000e+03
2.323000000000000000e+03
2.318000000000000000e+03
2.314000000000000000e+03
2.310000000000000000e+03
2.306000000000000000e+03
2.302000000000000000e+03
2.298000000000000000e+03
2.294000000000000000e+03
2.291000000000000000e+03
2.288000000000000000e+03
2.285000000000000000e+03
2.282000000000000000e+03
3.850000000000000000e+02
1.000000000000000000e+00
3.000000000000000000e+00
3.000000000000000000e+00
3.000000000000000000e+00
3.000000000000000000e+00
3.000000000000000000e+00
3.000000000000000000e+00
3.000000000000000000e+00
3.000000000000000000e+00
3.000000000000000000e+00
3.000000000000000000e+00
3.000000000000000000e+00
4.000000000000000000e+00
4.000000000000000000e+00
4.000000000000000000e+00
4.000000000000000000e+00
4.000000000000000000e+00
4.000000000000000000e+00
4.000000000000000000e+00
4.000000000000000000e+00
4.000000000000000000e+00
4.000000000000000000e+00
4.000000000000000000e+00
4.000000000000000000e+00
4.000000000000000000e+00
4.000000000000000000e+00
4.000000000000000000e+00
4.000000000000000000e+00
4.000000000000000000e+00
4.000000000000000000e+00
5.000000000000000000e+00
5.000000000000000000e+00
5.000000000000000000e+00
5.000000000000000000e+00
5.000000000000000000e+00
5.000000000000000000e+00
5.000000000000000000e+00
5.000000000000000000e+00
5.000000000000000000e+00
5.000000000000000000e+00
6.000000000000000000e+00
6.000000000000000000e+00
6.000000000000000000e+00
6.000000000000000000e+00
6.000000000000000000e+00
6.000000000000000000e+00
6.000000000000000000e+00
6.000000000000000000e+00
7.000000000000000000e+00
7.000000000000000000e+00
7.000000000000000000e+00
7.000000000000000000e+00
7.000000000000000000e+00
8.000000000000000000e+00
8.000000000000000000e+00
8.000000000000000000e+00
8.000000000000000000e+00
9.000000000000000000e+00
9.000000000000000000e+00
9.000000000000000000e+00
1.000000000000000000e+01
1.000000000000000000e+01
1.100000000000000000e+01
1.100000000000000000e+01
1.200000000000000000e+01
1.200000000000000000e+01
1.300000000000000000e+01
1.400000000000000000e+01
1.500000000000000000e+01
1.600000000000000000e+01
1.700000000000000000e+01
1.800000000000000000e+01
2.000000000000000000e+01
2.200000000000000000e+01
2.400000000000000000e+01
2.700000000000000000e+01
3.100000000000000000e+01
3.600000000000000000e+01
4.300000000000000000e+01
5.300000000000000000e+01
7.100000000000000000e+01
1.040000000000000000e+02
2.010000000000000000e+02
2.311000000000000000e+03
2.309000000000000000e+03
2.305000000000000000e+03
2.301000000000000000e+03
2.298000000000000000e+03
2.293000000000000000e+03
2.290000000000000000e+03
2.285000000000000000e+03
2.282000000000000000e+03
2.277000000000000000e+03
2.274000000000000000e+03
2.270000000000000000e+03
2.267000000000000000e+03
2.263000000000000000e+03
2.260000000000000000e+03
2.257000000000000000e+03
2.254000000000000000e+03
3.610000000000000000e+02
1.000000000000000000e+00
3.000000000000000000e+00
3.000000000000000000e+00
3.000000000000000000e+00
3.000000000000000000e+00
3.000000000000000000e+00
3.000000000000000000e+00
3.000000000000000000e+00
3.000000000000000000e+00
3.000000000000000000e+00
3.000000000000000000e+00
3.000000000000000000e+00
3.000000000000000000e+00
4.000000000000000000e+00
4.000000000000000000e+00
4.000000000000000000e+00
4.000000000000000000e+00
4.000000000000000000e+00
4.000000000000000000e+00
4.000000000000000000e+00
4.000000000000000000e+00
4.000000000000000000e+00
4.000000000000000000e+00
4.000000000000000000e+00
4.000000000000000000e+00
4.000000000000000000e+00
4.000000000000000000e+00
4.000000000000000000e+00
4.000000000000000000e+00
4.000000000000000000e+00
4.000000000000000000e+00
5.000000000000000000e+00
5.000000000000000000e+00
5.000000000000000000e+00
5.000000000000000000e+00
5.000000000000000000e+00
5.000000000000000000e+00
5.000000000000000000e+00
5.000000000000000000e+00
5.000000000000000000e+00
5.000000000000000000e+00
5.000000000000000000e+00
6.000000000000000000e+00
6.000000000000000000e+00
6.000000000000000000e+00
6.000000000000000000e+00
6.000000000000000000e+00
6.000000000000000000e+00
6.000000000000000000e+00
7.000000000000000000e+00
7.000000000000000000e+00
7.000000000000000000e+00
7.000000000000000000e+00
7.000000000000000000e+00
8.000000000000000000e+00
8.000000000000000000e+00
8.000000000000000000e+00
8.000000000000000000e+00
9.000000000000000000e+00
9.000000000000000000e+00
9.000000000000000000e+00
1.000000000000000000e+01
1.000000000000000000e+01
1.100000000000000000e+01
1.100000000000000000e+01
1.200000000000000000e+01
1.200000000000000000e+01
1.300000000000000000e+01
1.400000000000000000e+01
1.500000000000000000e+01
1.600000000000000000e+01
1.700000000000000000e+01
1.800000000000000000e+01
2.000000000000000000e+01
2.200000000000000000e+01
2.400000000000000000e+01
2.700000000000000000e+01
3.100000000000000000e+01
3.600000000000000000e+01
4.300000000000000000e+01
5.300000000000000000e+01
7.000000000000000000e+01
1.040000000000000000e+02
1.990000000000000000e+02
2.276000000000000000e+03
2.274000000000000000e+03
2.271000000000000000e+03
2.267000000000000000e+03
2.264000000000000000e+03
2.259000000000000000e+03
2.256000000000000000e+03
2.252000000000000000e+03
2.248000000000000000e+03
2.245000000000000000e+03
2.241000000000000000e+03
2.238000000000000000e+03
2.235000000000000000e+03
2.232000000000000000e+03
2.229000000000000000e+03
2.226000000000000000e+03
3.340000000000000000e+02
1.000000000000000000e+00
3.000000000000000000e+00
3.000000000000000000e+00
3.000000000000000000e+00
3.000000000000000000e+00
3.000000000000000000e+00
3.000000000000000000e+00
3.000000000000000000e+00
3.000000000000000000e+00
3.000000000000000000e+00
3.000000000000000000e+00
3.000000000000000000e+00
3.000000000000000000e+00
3.000000000000000000e+00
4.000000000000000000e+00
4.000000000000000000e+00
4.000000000000000000e+00
4.000000000000000000e+00
4.000000000000000000e+00
4.000000000000000000e+00
4.000000000000000000e+00
4.000000000000000000e+00
4.000000000000000000e+00
4.000000000000000000e+00
4.000000000000000000e+00
4.000000000000000000e+00
4.000000000000000000e+00
4.000000000000000000e+00
4.000000000000000000e+00
4.000000000000000000e+00
4.000000000000000000e+00
4.000000000000000000e+00
5.000000000000000000e+00
5.000000000000000000e+00
5.000000000000000000e+00
5.000000000000000000e+00
5.000000000000000000e+00
5.000000000000000000e+00
5.000000000000000000e+00
5.000000000000000000e+00
5.000000000000000000e+00
5.000000000000000000e+00
5.000000000000000000e+00
6.000000000000000000e+00
6.000000000000000000e+00
6.000000000000000000e+00
6.000000000000000000e+00
6.000000000000000000e+00
6.000000000000000000e+00
6.000000000000000000e+00
7.000000000000000000e+00
7.000000000000000000e+00
7.000000000000000000e+00
7.000000000000000000e+00
7.000000000000000000e+00
8.000000000000000000e+00
8.000000000000000000e+00
8.000000000000000000e+00
8.000000000000000000e+00
9.000000000000000000e+00
9.000000000000000000e+00
9.000000000000000000e+00
1.000000000000000000e+01
1.000000000000000000e+01
1.100000000000000000e+01
1.100000000000000000e+01
1.200000000000000000e+01
1.200000000000000000e+01
1.300000000000000000e+01
1.400000000000000000e+01
1.500000000000000000e+01
1.600000000000000000e+01
1.700000000000000000e+01
1.800000000000000000e+01
2.000000000000000000e+01
2.200000000000000000e+01
2.400000000000000000e+01
2.700000000000000000e+01
3.100000000000000000e+01
3.600000000000000000e+01
4.300000000000000000e+01
5.300000000000000000e+01
7.000000000000000000e+01
1.030000000000000000e+02
1.970000000000000000e+02
2.242000000000000000e+03
2.240000000000000000e+03
2.237000000000000000e+03
2.234000000000000000e+03
2.231000000000000000e+03
2.228000000000000000e+03
2.224000000000000000e+03
2.221000000000000000e+03
2.217000000000000000e+03
2.214000000000000000e+03
2.211000000000000000e+03
2.207000000000000000e+03
2.205000000000000000e+03
2.202000000000000000e+03
2.199000000000000000e+03
3.110000000000000000e+02
1.000000000000000000e+00
3.000000000000000000e+00
3.000000000000000000e+00
3.000000000000000000e+00
3.000000000000000000e+00
3.000000000000000000e+00
3.000000000000000000e+00
3.000000000000000000e+00
3.000000000000000000e+00
3.000000000000000000e+00
3.000000000000000000e+00
3.000000000000000000e+00
3.000000000000000000e+00
3.000000000000000000e+00
3.000000000000000000e+00
3.000000000000000000e+00
4.000000000000000000e+00
4.000000000000000000e+00
4.000000000000000000e+00
4.000000000000000000e+00
4.000000000000000000e+00
4.000000000000000000e+00
4.000000000000000000e+00
4.000000000000000000e+00
4.000000000000000000e+00
4.000000000000000000e+00
4.000000000000000000e+00
4.000000000000000000e+00
4.000000000000000000e+00
4.000000000000000000e+00
4.000000000000000000e+00
4.000000000000000000e+00
4.000000000000000000e+00
5.000000000000000000e+00
5.000000000000000000e+00
5.000000000000000000e+00
5.000000000000000000e+00
5.000000000000000000e+00
5.000000000000000000e+00
5.000000000000000000e+00
5.000000000000000000e+00
5.000000000000000000e+00
5.000000000000000000e+00
5.000000000000000000e+00
6.000000000000000000e+00
6.000000000000000000e+00
6.000000000000000000e+00
6.000000000000000000e+00
6.000000000000000000e+00
6.000000000000000000e+00
6.000000000000000000e+00
7.000000000000000000e+00
7.000000000000000000e+00
7.000000000000000000e+00
7.000000000000000000e+00
7.000000000000000000e+00
8.000000000000000000e+00
8.000000000000000000e+00
8.000000000000000000e+00
8.000000000000000000e+00
9.000000000000000000e+00
9.000000000000000000e+00
9.000000000000000000e+00
1.000000000000000000e+01
1.000000000000000000e+01
1.100000000000000000e+01
1.100000000000000000e+01
1.200000000000000000e+01
1.200000000000000000e+01
1.300000000000000000e+01
1.400000000000000000e+01
1.500000000000000000e+01
1.600000000000000000e+01
1.700000000000000000e+01
1.800000000000000000e+01
2.000000000000000000e+01
2.200000000000000000e+01
2.400000000000000000e+01
2.700000000000000000e+01
3.100000000000000000e+01
3.600000000000000000e+01
4.200000000000000000e+01
5.300000000000000000e+01
7.000000000000000000e+01
1.020000000000000000e+02
1.960000000000000000e+02
2.210000000000000000e+03
2.207000000000000000e+03
2.205000000000000000e+03
2.202000000000000000e+03
2.199000000000000000e+03
2.196000000000000000e+03
2.193000000000000000e+03
2.190000000000000000e+03
2.187000000000000000e+03
2.184000000000000000e+03
2.180000000000000000e+03
2.178000000000000000e+03
2.175000000000000000e+03
2.173000000000000000e+03
2.880000000000000000e+02
1.000000000000000000e+00
3.000000000000000000e+00
3.000000000000000000e+00
3.000000000000000000e+00
3.000000000000000000e+00
3.000000000000000000e+00
3.000000000000000000e+00
3.000000000000000000e+00
3.000000000000000000e+00
3.000000000000000000e+00
3.000000000000000000e+00
3.000000000000000000e+00
3.000000000000000000e+00
3.000000000000000000e+00
3.000000000000000000e+00
3.000000000000000000e+00
3.000000000000000000e+00
4.000000000000000000e+00
4.000000000000000000e+00
4.000000000000000000e+00
4.000000000000000000e+00
4.000000000000000000e+00
4.000000000000000000e+00
4.000000000000000000e+00
4.000000000000000000e+00
4.000000000000000000e+00
4.000000000000000000e+00
4.000000000000000000e+00
4.000000000000000000e+00
4.000000000000000000e+00
4.000000000000000000e+00
4.000000000000000000e+00
4.000000000000000000e+00
4.000000000000000000e+00
4.000000000000000000e+00
5.000000000000000000e+00
5.000000000000000000e+00
5.000000000000000000e+00
5.000000000000000000e+00
5.000000000000000000e+00
5.000000000000000000e+00
5.000000000000000000e+00
5.000000000000000000e+00
5.000000000000000000e+00
5.000000000000000000e+00
6.000000000000000000e+00
6.000000000000000000e+00
6.000000000000000000e+00
6.000000000000000000e+00
6.000000000000000000e+00
6.000000000000000000e+00
6.000000000000000000e+00
7.000000000000000000e+00
7.000000000000000000e+00
7.000000000000000000e+00
7.000000000000000000e+00
7.000000000000000000e+00
8.000000000000000000e+00
8.000000000000000000e+00
8.000000000000000000e+00
8.000000000000000000e+00
9.000000000000000000e+00
9.000000000000000000e+00
9.000000000000000000e+00
1.000000000000000000e+01
1.000000000000000000e+01
1.100000000000000000e+01
1.100000000000000000e+01
1.200000000000000000e+01
1.200000000000000000e+01
1.300000000000000000e+01
1.400000000000000000e+01
1.500000000000000000e+01
1.600000000000000000e+01
1.700000000000000000e+01
1.800000000000000000e+01
2.000000000000000000e+01
2.200000000000000000e+01
2.400000000000000000e+01
2.700000000000000000e+01
3.000000000000000000e+01
3.500000000000000000e+01
4.200000000000000000e+01
5.200000000000000000e+01
6.900000000000000000e+01
1.020000000000000000e+02
1.960000000000000000e+02
2.176000000000000000e+03
2.174000000000000000e+03
2.172000000000000000e+03
2.170000000000000000e+03
2.167000000000000000e+03
2.164000000000000000e+03
2.161000000000000000e+03
2.158000000000000000e+03
2.155000000000000000e+03
2.153000000000000000e+03
2.150000000000000000e+03
2.147000000000000000e+03
2.145000000000000000e+03
2.620000000000000000e+02
1.000000000000000000e+00
3.000000000000000000e+00
3.000000000000000000e+00
3.000000000000000000e+00
3.000000000000000000e+00
3.000000000000000000e+00
3.000000000000000000e+00
3.000000000000000000e+00
3.000000000000000000e+00
3.000000000000000000e+00
3.000000000000000000e+00
3.000000000000000000e+00
3.000000000000000000e+00
3.000000000000000000e+00
3.000000000000000000e+00
3.000000000000000000e+00
3.000000000000000000e+00
3.000000000000000000e+00
4.000000000000000000e+00
4.000000000000000000e+00
4.000000000000000000e+00
4.000000000000000000e+00
4.000000000000000000e+00
4.000000000000000000e+00
4.000000000000000000e+00
4.000000000000000000e+00
4.000000000000000000e+00
4.000000000000000000e+00
4.000000000000000000e+00
4.000000000000000000e+00
4.000000000000000000e+00
4.000000000000000000e+00
4.000000000000000000e+00
4.000000000000000000e+00
4.000000000000000000e+00
4.000000000000000000e+00
5.000000000000000000e+00
5.000000000000000000e+00
5.000000000000000000e+00
5.000000000000000000e+00
5.000000000000000000e+00
5.000000000000000000e+00
5.000000000000000000e+00
5.000000000000000000e+00
5.000000000000000000e+00
5.000000000000000000e+00
6.000000000000000000e+00
6.000000000000000000e+00
6.000000000000000000e+00
6.000000000000000000e+00
6.000000000000000000e+00
6.000000000000000000e+00
6.000000000000000000e+00
7.000000000000000000e+00
7.000000000000000000e+00
7.000000000000000000e+00
7.000000000000000000e+00
7.000000000000000000e+00
8.000000000000000000e+00
8.000000000000000000e+00
8.000000000000000000e+00
8.000000000000000000e+00
9.000000000000000000e+00
9.000000000000000000e+00
9.000000000000000000e+00
1.000000000000000000e+01
1.000000000000000000e+01
1.100000000000000000e+01
1.100000000000000000e+01
1.200000000000000000e+01
1.200000000000000000e+01
1.300000000000000000e+01
1.400000000000000000e+01
1.400000000000000000e+01
1.500000000000000000e+01
1.700000000000000000e+01
1.800000000000000000e+01
2.000000000000000000e+01
2.100000000000000000e+01
2.400000000000000000e+01
2.700000000000000000e+01
3.000000000000000000e+01
3.500000000000000000e+01
4.200000000000000000e+01
5.200000000000000000e+01
6.900000000000000000e+01
1.020000000000000000e+02
1.960000000000000000e+02
2.144000000000000000e+03
2.143000000000000000e+03
2.141000000000000000e+03
2.139000000000000000e+03
2.137000000000000000e+03
2.134000000000000000e+03
2.131000000000000000e+03
2.129000000000000000e+03
2.126000000000000000e+03
2.123000000000000000e+03
2.121000000000000000e+03
2.118000000000000000e+03
2.400000000000000000e+02
1.000000000000000000e+00
3.000000000000000000e+00
3.000000000000000000e+00
3.000000000000000000e+00
3.000000000000000000e+00
3.000000000000000000e+00
3.000000000000000000e+00
3.000000000000000000e+00
3.000000000000000000e+00
3.000000000000000000e+00
3.000000000000000000e+00
3.000000000000000000e+00
3.000000000000000000e+00
3.000000000000000000e+00
3.000000000000000000e+00
3.000000000000000000e+00
3.000000000000000000e+00
3.000000000000000000e+00
3.000000000000000000e+00
3.000000000000000000e+00
4.000000000000000000e+00
4.000000000000000000e+00
4.000000000000000000e+00
4.000000000000000000e+00
4.000000000000000000e+00
4.000000000000000000e+00
4.000000000000000000e+00
4.000000000000000000e+00
4.000000000000000000e+00
4.000000000000000000e+00
4.000000000000000000e+00
4.000000000000000000e+00
4.000000000000000000e+00
4.000000000000000000e+00
4.000000000000000000e+00
4.000000000000000000e+00
4.000000000000000000e+00
5.000000000000000000e+00
5.000000000000000000e+00
5.000000000000000000e+00
5.000000000000000000e+00
5.000000000000000000e+00
5.000000000000000000e+00
5.000000000000000000e+00
5.000000000000000000e+00
5.000000000000000000e+00
5.000000000000000000e+00
5.000000000000000000e+00
6.000000000000000000e+00
6.000000000000000000e+00
6.000000000000000000e+00
6.000000000000000000e+00
6.000000000000000000e+00
6.000000000000000000e+00
6.000000000000000000e+00
7.000000000000000000e+00
7.000000000000000000e+00
7.000000000000000000e+00
7.000000000000000000e+00
7.000000000000000000e+00
8.000000000000000000e+00
8.000000000000000000e+00
8.000000000000000000e+00
9.000000000000000000e+00
9.000000000000000000e+00
9.000000000000000000e+00
1.000000000000000000e+01
1.000000000000000000e+01
1.000000000000000000e+01
1.100000000000000000e+01
1.200000000000000000e+01
1.200000000000000000e+01
1.300000000000000000e+01
1.400000000000000000e+01
1.400000000000000000e+01
1.500000000000000000e+01
1.700000000000000000e+01
1.800000000000000000e+01
1.900000000000000000e+01
2.100000000000000000e+01
2.400000000000000000e+01
2.600000000000000000e+01
3.000000000000000000e+01
3.500000000000000000e+01
4.200000000000000000e+01
5.200000000000000000e+01
6.900000000000000000e+01
1.010000000000000000e+02
1.950000000000000000e+02
2.113000000000000000e+03
2.113000000000000000e+03
2.111000000000000000e+03
2.109000000000000000e+03
2.107000000000000000e+03
2.104000000000000000e+03
2.102000000000000000e+03
2.099000000000000000e+03
2.097000000000000000e+03
2.095000000000000000e+03
2.092000000000000000e+03
2.180000000000000000e+02
1.000000000000000000e+00
3.000000000000000000e+00
3.000000000000000000e+00
3.000000000000000000e+00
3.000000000000000000e+00
3.000000000000000000e+00
3.000000000000000000e+00
3.000000000000000000e+00
3.000000000000000000e+00
3.000000000000000000e+00
3.000000000000000000e+00
3.000000000000000000e+00
3.000000000000000000e+00
3.000000000000000000e+00
3.000000000000000000e+00
3.000000000000000000e+00
3.000000000000000000e+00
3.000000000000000000e+00
3.000000000000000000e+00
3.000000000000000000e+00
3.000000000000000000e+00
4.000000000000000000e+00
4.000000000000000000e+00
4.000000000000000000e+00
4.000000000000000000e+00
4.000000000000000000e+00
4.000000000000000000e+00
4.000000000000000000e+00
4.000000000000000000e+00
4.000000000000000000e+00
4.000000000000000000e+00
4.000000000000000000e+00
4.000000000000000000e+00
4.000000000000000000e+00
4.000000000000000000e+00
4.000000000000000000e+00
4.000000000000000000e+00
4.000000000000000000e+00
5.000000000000000000e+00
5.000000000000000000e+00
5.000000000000000000e+00
5.000000000000000000e+00
5.000000000000000000e+00
5.000000000000000000e+00
5.000000000000000000e+00
5.000000000000000000e+00
5.000000000000000000e+00
5.000000000000000000e+00
5.000000000000000000e+00
6.000000000000000000e+00
6.000000000000000000e+00
6.000000000000000000e+00
6.000000000000000000e+00
6.000000000000000000e+00
6.000000000000000000e+00
6.000000000000000000e+00
7.000000000000000000e+00
7.000000000000000000e+00
7.000000000000000000e+00
7.000000000000000000e+00
7.000000000000000000e+00
8.000000000000000000e+00
8.000000000000000000e+00
8.000000000000000000e+00
9.000000000000000000e+00
9.000000000000000000e+00
9.000000000000000000e+00
1.000000000000000000e+01
1.000000000000000000e+01
1.000000000000000000e+01
1.100000000000000000e+01
1.100000000000000000e+01
1.200000000000000000e+01
1.300000000000000000e+01
1.300000000000000000e+01
1.400000000000000000e+01
1.500000000000000000e+01
1.600000000000000000e+01
1.800000000000000000e+01
1.900000000000000000e+01
2.100000000000000000e+01
2.400000000000000000e+01
2.600000000000000000e+01
3.000000000000000000e+01
3.500000000000000000e+01
4.200000000000000000e+01
5.200000000000000000e+01
6.800000000000000000e+01
1.010000000000000000e+02
1.930000000000000000e+02
2.083000000000000000e+03
2.082000000000000000e+03
2.081000000000000000e+03
2.079000000000000000e+03
2.077000000000000000e+03
2.075000000000000000e+03
2.073000000000000000e+03
2.071000000000000000e+03
2.069000000000000000e+03
2.067000000000000000e+03
1.960000000000000000e+02
1.000000000000000000e+00
3.000000000000000000e+00
3.000000000000000000e+00
3.000000000000000000e+00
3.000000000000000000e+00
3.000000000000000000e+00
3.000000000000000000e+00
3.000000000000000000e+00
3.000000000000000000e+00
3.000000000000000000e+00
3.000000000000000000e+00
3.000000000000000000e+00
3.000000000000000000e+00
3.000000000000000000e+00
3.000000000000000000e+00
3.000000000000000000e+00
3.000000000000000000e+00
3.000000000000000000e+00
3.000000000000000000e+00
3.000000000000000000e+00
3.000000000000000000e+00
3.000000000000000000e+00
4.000000000000000000e+00
4.000000000000000000e+00
4.000000000000000000e+00
4.000000000000000000e+00
4.000000000000000000e+00
4.000000000000000000e+00
4.000000000000000000e+00
4.000000000000000000e+00
4.000000000000000000e+00
4.000000000000000000e+00
4.000000000000000000e+00
4.000000000000000000e+00
4.000000000000000000e+00
4.000000000000000000e+00
4.000000000000000000e+00
4.000000000000000000e+00
4.000000000000000000e+00
4.000000000000000000e+00
5.000000000000000000e+00
5.000000000000000000e+00
5.000000000000000000e+00
5.000000000000000000e+00
5.000000000000000000e+00
5.000000000000000000e+00
5.000000000000000000e+00
5.000000000000000000e+00
5.000000000000000000e+00
5.000000000000000000e+00
6.000000000000000000e+00
6.000000000000000000e+00
6.000000000000000000e+00
6.000000000000000000e+00
6.000000000000000000e+00
6.000000000000000000e+00
6.000000000000000000e+00
7.000000000000000000e+00
7.000000000000000000e+00
7.000000000000000000e+00
7.000000000000000000e+00
7.000000000000000000e+00
8.000000000000000000e+00
8.000000000000000000e+00
8.000000000000000000e+00
8.000000000000000000e+00
9.000000000000000000e+00
9.000000000000000000e+00
1.000000000000000000e+01
1.000000000000000000e+01
1.000000000000000000e+01
1.100000000000000000e+01
1.100000000000000000e+01
1.200000000000000000e+01
1.300000000000000000e+01
1.300000000000000000e+01
1.400000000000000000e+01
1.500000000000000000e+01
1.600000000000000000e+01
1.800000000000000000e+01
1.900000000000000000e+01
2.100000000000000000e+01
2.300000000000000000e+01
2.600000000000000000e+01
3.000000000000000000e+01
3.500000000000000000e+01
4.100000000000000000e+01
5.100000000000000000e+01
6.800000000000000000e+01
1.000000000000000000e+02
1.920000000000000000e+02
2.053000000000000000e+03
2.053000000000000000e+03
2.051000000000000000e+03
2.050000000000000000e+03
2.048000000000000000e+03
2.046000000000000000e+03
2.045000000000000000e+03
2.042000000000000000e+03
2.040000000000000000e+03
1.750000000000000000e+02
1.000000000000000000e+00
3.000000000000000000e+00
3.000000000000000000e+00
3.000000000000000000e+00
3.000000000000000000e+00
3.000000000000000000e+00
3.000000000000000000e+00
3.000000000000000000e+00
3.000000000000000000e+00
3.000000000000000000e+00
3.000000000000000000e+00
3.000000000000000000e+00
3.000000000000000000e+00
3.000000000000000000e+00
3.000000000000000000e+00
3.000000000000000000e+00
3.000000000000000000e+00
3.000000000000000000e+00
3.000000000000000000e+00
3.000000000000000000e+00
3.000000000000000000e+00
3.000000000000000000e+00
3.000000000000000000e+00
3.000000000000000000e+00
4.000000000000000000e+00
4.000000000000000000e+00
4.000000000000000000e+00
4.000000000000000000e+00
4.000000000000000000e+00
4.000000000000000000e+00
4.000000000000000000e+00
4.000000000000000000e+00
4.000000000000000000e+00
4.000000000000000000e+00
4.000000000000000000e+00
4.000000000000000000e+00
4.000000000000000000e+00
4.000000000000000000e+00
4.000000000000000000e+00
4.000000000000000000e+00
4.000000000000000000e+00
5.000000000000000000e+00
5.000000000000000000e+00
5.000000000000000000e+00
5.000000000000000000e+00
5.000000000000000000e+00
5.000000000000000000e+00
5.000000000000000000e+00
5.000000000000000000e+00
5.000000000000000000e+00
5.000000000000000000e+00
6.000000000000000000e+00
6.000000000000000000e+00
6.000000000000000000e+00
6.000000000000000000e+00
6.000000000000000000e+00
6.000000000000000000e+00
6.000000000000000000e+00
7.000000000000000000e+00
7.000000000000000000e+00
7.000000000000000000e+00
7.000000000000000000e+00
7.000000000000000000e+00
8.000000000000000000e+00
8.000000000000000000e+00
8.000000000000000000e+00
8.000000000000000000e+00
9.000000000000000000e+00
9.000000000000000000e+00
9.000000000000000000e+00
1.000000000000000000e+01
1.000000000000000000e+01
1.100000000000000000e+01
1.100000000000000000e+01
1.200000000000000000e+01
1.300000000000000000e+01
1.300000000000000000e+01
1.400000000000000000e+01
1.500000000000000000e+01
1.600000000000000000e+01
1.800000000000000000e+01
1.900000000000000000e+01
2.100000000000000000e+01
2.300000000000000000e+01
2.600000000000000000e+01
3.000000000000000000e+01
3.500000000000000000e+01
4.100000000000000000e+01
5.100000000000000000e+01
6.800000000000000000e+01
1.000000000000000000e+02
1.900000000000000000e+02
2.025000000000000000e+03
2.024000000000000000e+03
2.023000000000000000e+03
2.021000000000000000e+03
2.020000000000000000e+03
2.018000000000000000e+03
2.017000000000000000e+03
2.015000000000000000e+03
1.540000000000000000e+02
1.000000000000000000e+00
3.000000000000000000e+00
3.000000000000000000e+00
3.000000000000000000e+00
3.000000000000000000e+00
3.000000000000000000e+00
3.000000000000000000e+00
3.000000000000000000e+00
3.000000000000000000e+00
3.000000000000000000e+00
3.000000000000000000e+00
3.000000000000000000e+00
3.000000000000000000e+00
3.000000000000000000e+00
3.000000000000000000e+00
3.000000000000000000e+00
3.000000000000000000e+00
3.000000000000000000e+00
3.000000000000000000e+00
3.000000000000000000e+00
3.000000000000000000e+00
3.000000000000000000e+00
3.000000000000000000e+00
3.000000000000000000e+00
3.000000000000000000e+00
4.000000000000000000e+00
4.000000000000000000e+00
4.000000000000000000e+00
4.000000000000000000e+00
4.000000000000000000e+00
4.000000000000000000e+00
4.000000000000000000e+00
4.000000000000000000e+00
4.000000000000000000e+00
4.000000000000000000e+00
4.000000000000000000e+00
4.000000000000000000e+00
4.000000000000000000e+00
4.000000000000000000e+00
4.000000000000000000e+00
4.000000000000000000e+00
4.000000000000000000e+00
5.000000000000000000e+00
5.000000000000000000e+00
5.000000000000000000e+00
5.000000000000000000e+00
5.000000000000000000e+00
5.000000000000000000e+00
5.000000000000000000e+00
5.000000000000000000e+00
5.000000000000000000e+00
5.000000000000000000e+00
6.000000000000000000e+00
6.000000000000000000e+00
6.000000000000000000e+00
6.000000000000000000e+00
6.000000000000000000e+00
6.000000000000000000e+00
6.000000000000000000e+00
7.000000000000000000e+00
7.000000000000000000e+00
7.000000000000000000e+00
7.000000000000000000e+00
7.000000000000000000e+00
8.000000000000000000e+00
8.000000000000000000e+00
8.000000000000000000e+00
8.000000000000000000e+00
9.000000000000000000e+00
9.000000000000000000e+00
9.000000000000000000e+00
1.000000000000000000e+01
1.000000000000000000e+01
1.100000000000000000e+01
1.100000000000000000e+01
1.200000000000000000e+01
1.300000000000000000e+01
1.300000000000000000e+01
1.400000000000000000e+01
1.500000000000000000e+01
1.600000000000000000e+01
1.800000000000000000e+01
1.900000000000000000e+01
2.100000000000000000e+01
2.300000000000000000e+01
2.600000000000000000e+01
3.000000000000000000e+01
3.400000000000000000e+01
4.100000000000000000e+01
5.100000000000000000e+01
6.700000000000000000e+01
9.900000000000000000e+01
1.890000000000000000e+02
1.995000000000000000e+03
1.996000000000000000e+03
1.995000000000000000e+03
1.994000000000000000e+03
1.992000000000000000e+03
1.991000000000000000e+03
1.989000000000000000e+03
1.330000000000000000e+02
1.000000000000000000e+00
3.000000000000000000e+00
3.000000000000000000e+00
3.000000000000000000e+00
3.000000000000000000e+00
3.000000000000000000e+00
3.000000000000000000e+00
3.000000000000000000e+00
3.000000000000000000e+00
3.000000000000000000e+00
3.000000000000000000e+00
3.000000000000000000e+00
3.000000000000000000e+00
3.000000000000000000e+00
3.000000000000000000e+00
3.000000000000000000e+00
3.000000000000000000e+00
3.000000000000000000e+00
3.000000000000000000e+00
3.000000000000000000e+00
3.000000000000000000e+00
3.000000000000000000e+00
3.000000000000000000e+00
3.000000000000000000e+00
3.000000000000000000e+00
3.000000000000000000e+00
4.000000000000000000e+00
4.000000000000000000e+00
4.000000000000000000e+00
4.000000000000000000e+00
4.000000000000000000e+00
4.000000000000000000e+00
4.000000000000000000e+00
4.000000000000000000e+00
4.000000000000000000e+00
4.000000000000000000e+00
4.000000000000000000e+00
4.000000000000000000e+00
4.000000000000000000e+00
4.000000000000000000e+00
4.000000000000000000e+00
4.000000000000000000e+00
4.000000000000000000e+00
5.000000000000000000e+00
5.000000000000000000e+00
5.000000000000000000e+00
5.000000000000000000e+00
5.000000000000000000e+00
5.000000000000000000e+00
5.000000000000000000e+00
5.000000000000000000e+00
5.000000000000000000e+00
5.000000000000000000e+00
5.000000000000000000e+00
6.000000000000000000e+00
6.000000000000000000e+00
6.000000000000000000e+00
6.000000000000000000e+00
6.000000000000000000e+00
6.000000000000000000e+00
7.000000000000000000e+00
7.000000000000000000e+00
7.000000000000000000e+00
7.000000000000000000e+00
7.000000000000000000e+00
8.000000000000000000e+00
8.000000000000000000e+00
8.000000000000000000e+00
8.000000000000000000e+00
9.000000000000000000e+00
9.000000000000000000e+00
9.000000000000000000e+00
1.000000000000000000e+01
1.000000000000000000e+01
1.100000000000000000e+01
1.100000000000000000e+01
1.200000000000000000e+01
1.300000000000000000e+01
1.300000000000000000e+01
1.400000000000000000e+01
1.500000000000000000e+01
1.600000000000000000e+01
1.700000000000000000e+01
1.900000000000000000e+01
2.100000000000000000e+01
2.300000000000000000e+01
2.600000000000000000e+01
3.000000000000000000e+01
3.400000000000000000e+01
4.100000000000000000e+01
5.100000000000000000e+01
6.700000000000000000e+01
9.900000000000000000e+01
1.890000000000000000e+02
1.968000000000000000e+03
1.968000000000000000e+03
1.967000000000000000e+03
1.966000000000000000e+03
1.965000000000000000e+03
1.964000000000000000e+03
1.120000000000000000e+02
1.000000000000000000e+00
3.000000000000000000e+00
3.000000000000000000e+00
3.000000000000000000e+00
3.000000000000000000e+00
3.000000000000000000e+00
3.000000000000000000e+00
3.000000000000000000e+00
3.000000000000000000e+00
3.000000000000000000e+00
3.000000000000000000e+00
3.000000000000000000e+00
3.000000000000000000e+00
3.000000000000000000e+00
3.000000000000000000e+00
3.000000000000000000e+00
3.000000000000000000e+00
3.000000000000000000e+00
3.000000000000000000e+00
3.000000000000000000e+00
3.000000000000000000e+00
3.000000000000000000e+00
3.000000000000000000e+00
3.000000000000000000e+00
3.000000000000000000e+00
3.000000000000000000e+00
3.000000000000000000e+00
3.000000000000000000e+00
4.000000000000000000e+00
4.000000000000000000e+00
4.000000000000000000e+00
4.000000000000000000e+00
4.000000000000000000e+00
4.000000000000000000e+00
4.000000000000000000e+00
4.000000000000000000e+00
4.000000000000000000e+00
4.000000000000000000e+00
4.000000000000000000e+00
4.000000000000000000e+00
4.000000000000000000e+00
4.000000000000000000e+00
4.000000000000000000e+00
4.000000000000000000e+00
4.000000000000000000e+00
5.000000000000000000e+00
5.000000000000000000e+00
5.000000000000000000e+00
5.000000000000000000e+00
5.000000000000000000e+00
5.000000000000000000e+00
5.000000000000000000e+00
5.000000000000000000e+00
5.000000000000000000e+00
5.000000000000000000e+00
6.000000000000000000e+00
6.000000000000000000e+00
6.000000000000000000e+00
6.000000000000000000e+00
6.000000000000000000e+00
6.000000000000000000e+00
6.000000000000000000e+00
7.000000000000000000e+00
7.000000000000000000e+00
7.000000000000000000e+00
7.000000000000000000e+00
8.000000000000000000e+00
8.000000000000000000e+00
8.000000000000000000e+00
8.000000000000000000e+00
9.000000000000000000e+00
9.000000000000000000e+00
9.000000000000000000e+00
1.000000000000000000e+01
1.000000000000000000e+01
1.100000000000000000e+01
1.100000000000000000e+01
1.200000000000000000e+01
1.200000000000000000e+01
1.300000000000000000e+01
1.400000000000000000e+01
1.500000000000000000e+01
1.600000000000000000e+01
1.700000000000000000e+01
1.900000000000000000e+01
2.100000000000000000e+01
2.300000000000000000e+01
2.600000000000000000e+01
2.900000000000000000e+01
3.400000000000000000e+01
4.100000000000000000e+01
5.000000000000000000e+01
6.700000000000000000e+01
9.900000000000000000e+01
1.880000000000000000e+02
1.941000000000000000e+03
1.941000000000000000e+03
1.941000000000000000e+03
1.940000000000000000e+03
1.939000000000000000e+03
9.500000000000000000e+01
1.000000000000000000e+00
3.000000000000000000e+00
3.000000000000000000e+00
3.000000000000000000e+00
3.000000000000000000e+00
3.000000000000000000e+00
3.000000000000000000e+00
3.000000000000000000e+00
3.000000000000000000e+00
3.000000000000000000e+00
3.000000000000000000e+00
3.000000000000000000e+00
3.000000000000000000e+00
3.000000000000000000e+00
3.000000000000000000e+00
3.000000000000000000e+00
3.000000000000000000e+00
3.000000000000000000e+00
3.000000000000000000e+00
3.000000000000000000e+00
3.000000000000000000e+00
3.000000000000000000e+00
3.000000000000000000e+00
3.000000000000000000e+00
3.000000000000000000e+00
3.000000000000000000e+00
3.000000000000000000e+00
3.000000000000000000e+00
3.000000000000000000e+00
4.000000000000000000e+00
4.000000000000000000e+00
4.000000000000000000e+00
4.000000000000000000e+00
4.000000000000000000e+00
4.000000000000000000e+00
4.000000000000000000e+00
4.000000000000000000e+00
4.000000000000000000e+00
4.000000000000000000e+00
4.000000000000000000e+00
4.000000000000000000e+00
4.000000000000000000e+00
4.000000000000000000e+00
4.000000000000000000e+00
4.000000000000000000e+00
4.000000000000000000e+00
5.000000000000000000e+00
5.000000000000000000e+00
5.000000000000000000e+00
5.000000000000000000e+00
5.000000000000000000e+00
5.000000000000000000e+00
5.000000000000000000e+00
5.000000000000000000e+00
5.000000000000000000e+00
5.000000000000000000e+00
6.000000000000000000e+00
6.000000000000000000e+00
6.000000000000000000e+00
6.000000000000000000e+00
6.000000000000000000e+00
6.000000000000000000e+00
6.000000000000000000e+00
7.000000000000000000e+00
7.000000000000000000e+00
7.000000000000000000e+00
7.000000000000000000e+00
7.000000000000000000e+00
8.000000000000000000e+00
8.000000000000000000e+00
8.000000000000000000e+00
9.000000000000000000e+00
9.000000000000000000e+00
9.000000000000000000e+00
1.000000000000000000e+01
1.000000000000000000e+01
1.100000000000000000e+01
1.100000000000000000e+01
1.200000000000000000e+01
1.200000000000000000e+01
1.300000000000000000e+01
1.400000000000000000e+01
1.500000000000000000e+01
1.600000000000000000e+01
1.700000000000000000e+01
1.900000000000000000e+01
2.100000000000000000e+01
2.300000000000000000e+01
2.600000000000000000e+01
2.900000000000000000e+01
3.400000000000000000e+01
4.000000000000000000e+01
5.000000000000000000e+01
6.600000000000000000e+01
9.800000000000000000e+01
1.880000000000000000e+02
1.914000000000000000e+03
1.914000000000000000e+03
1.914000000000000000e+03
1.913000000000000000e+03
7.500000000000000000e+01
1.000000000000000000e+00
3.000000000000000000e+00
3.000000000000000000e+00
3.000000000000000000e+00
3.000000000000000000e+00
3.000000000000000000e+00
3.000000000000000000e+00
3.000000000000000000e+00
3.000000000000000000e+00
3.000000000000000000e+00
3.000000000000000000e+00
3.000000000000000000e+00
3.000000000000000000e+00
3.000000000000000000e+00
3.000000000000000000e+00
3.000000000000000000e+00
3.000000000000000000e+00
3.000000000000000000e+00
3.000000000000000000e+00
3.000000000000000000e+00
3.000000000000000000e+00
3.000000000000000000e+00
3.000000000000000000e+00
3.000000000000000000e+00
3.000000000000000000e+00
3.000000000000000000e+00
3.000000000000000000e+00
3.000000000000000000e+00
3.000000000000000000e+00
3.000000000000000000e+00
4.000000000000000000e+00
4.000000000000000000e+00
4.000000000000000000e+00
4.000000000000000000e+00
4.000000000000000000e+00
4.000000000000000000e+00
4.000000000000000000e+00
4.000000000000000000e+00
4.000000000000000000e+00
4.000000000000000000e+00
4.000000000000000000e+00
4.000000000000000000e+00
4.000000000000000000e+00
4.000000000000000000e+00
4.000000000000000000e+00
4.000000000000000000e+00
4.000000000000000000e+00
5.000000000000000000e+00
5.000000000000000000e+00
5.000000000000000000e+00
5.000000000000000000e+00
5.000000000000000000e+00
5.000000000000000000e+00
5.000000000000000000e+00
5.000000000000000000e+00
5.000000000000000000e+00
5.000000000000000000e+00
6.000000000000000000e+00
6.000000000000000000e+00
6.000000000000000000e+00
6.000000000000000000e+00
6.000000000000000000e+00
6.000000000000000000e+00
6.000000000000000000e+00
7.000000000000000000e+00
7.000000000000000000e+00
7.000000000000000000e+00
7.000000000000000000e+00
7.000000000000000000e+00
8.000000000000000000e+00
8.000000000000000000e+00
8.000000000000000000e+00
9.000000000000000000e+00
9.000000000000000000e+00
9.000000000000000000e+00
1.000000000000000000e+01
1.000000000000000000e+01
1.100000000000000000e+01
1.100000000000000000e+01
1.200000000000000000e+01
1.200000000000000000e+01
1.300000000000000000e+01
1.400000000000000000e+01
1.500000000000000000e+01
1.600000000000000000e+01
1.700000000000000000e+01
1.900000000000000000e+01
2.100000000000000000e+01
2.300000000000000000e+01
2.600000000000000000e+01
2.900000000000000000e+01
3.400000000000000000e+01
4.000000000000000000e+01
5.000000000000000000e+01
6.600000000000000000e+01
9.700000000000000000e+01
1.870000000000000000e+02
1.887000000000000000e+03
1.888000000000000000e+03
1.888000000000000000e+03
5.500000000000000000e+01
1.000000000000000000e+00
3.000000000000000000e+00
3.000000000000000000e+00
3.000000000000000000e+00
3.000000000000000000e+00
3.000000000000000000e+00
3.000000000000000000e+00
3.000000000000000000e+00
3.000000000000000000e+00
3.000000000000000000e+00
3.000000000000000000e+00
3.000000000000000000e+00
3.000000000000000000e+00
3.000000000000000000e+00
3.000000000000000000e+00
3.000000000000000000e+00
3.000000000000000000e+00
3.000000000000000000e+00
3.000000000000000000e+00
3.000000000000000000e+00
3.000000000000000000e+00
3.000000000000000000e+00
3.000000000000000000e+00
3.000000000000000000e+00
3.000000000000000000e+00
3.000000000000000000e+00
3.000000000000000000e+00
3.000000000000000000e+00
3.000000000000000000e+00
3.000000000000000000e+00
3.000000000000000000e+00
3.000000000000000000e+00
4.000000000000000000e+00
4.000000000000000000e+00
4.000000000000000000e+00
4.000000000000000000e+00
4.000000000000000000e+00
4.000000000000000000e+00
4.000000000000000000e+00
4.000000000000000000e+00
4.000000000000000000e+00
4.000000000000000000e+00
4.000000000000000000e+00
4.000000000000000000e+00
4.000000000000000000e+00
4.000000000000000000e+00
4.000000000000000000e+00
4.000000000000000000e+00
5.000000000000000000e+00
5.000000000000000000e+00
5.000000000000000000e+00
5.000000000000000000e+00
5.000000000000000000e+00
5.000000000000000000e+00
5.000000000000000000e+00
5.000000000000000000e+00
5.000000000000000000e+00
5.000000000000000000e+00
6.000000000000000000e+00
6.000000000000000000e+00
6.000000000000000000e+00
6.000000000000000000e+00
6.000000000000000000e+00
6.000000000000000000e+00
6.000000000000000000e+00
7.000000000000000000e+00
7.000000000000000000e+00
7.000000000000000000e+00
7.000000000000000000e+00
7.000000000000000000e+00
8.000000000000000000e+00
8.000000000000000000e+00
8.000000000000000000e+00
9.000000000000000000e+00
9.000000000000000000e+00
9.000000000000000000e+00
1.000000000000000000e+01
1.000000000000000000e+01
1.100000000000000000e+01
1.100000000000000000e+01
1.200000000000000000e+01
1.200000000000000000e+01
1.300000000000000000e+01
1.400000000000000000e+01
1.500000000000000000e+01
1.600000000000000000e+01
1.700000000000000000e+01
1.900000000000000000e+01
2.000000000000000000e+01
2.300000000000000000e+01
2.500000000000000000e+01
2.900000000000000000e+01
3.400000000000000000e+01
4.000000000000000000e+01
5.000000000000000000e+01
6.600000000000000000e+01
9.600000000000000000e+01
1.850000000000000000e+02
1.862000000000000000e+03
1.863000000000000000e+03
3.800000000000000000e+01
1.000000000000000000e+00
3.000000000000000000e+00
3.000000000000000000e+00
3.000000000000000000e+00
3.000000000000000000e+00
3.000000000000000000e+00
3.000000000000000000e+00
3.000000000000000000e+00
3.000000000000000000e+00
3.000000000000000000e+00
3.000000000000000000e+00
3.000000000000000000e+00
3.000000000000000000e+00
3.000000000000000000e+00
3.000000000000000000e+00
3.000000000000000000e+00
3.000000000000000000e+00
3.000000000000000000e+00
3.000000000000000000e+00
3.000000000000000000e+00
3.000000000000000000e+00
3.000000000000000000e+00
3.000000000000000000e+00
3.000000000000000000e+00
3.000000000000000000e+00
3.000000000000000000e+00
3.000000000000000000e+00
3.000000000000000000e+00
3.000000000000000000e+00
3.000000000000000000e+00
3.000000000000000000e+00
3.000000000000000000e+00
3.000000000000000000e+00
4.000000000000000000e+00
4.000000000000000000e+00
4.000000000000000000e+00
4.000000000000000000e+00
4.000000000000000000e+00
4.000000000000000000e+00
4.000000000000000000e+00
4.000000000000000000e+00
4.000000000000000000e+00
4.000000000000000000e+00
4.000000000000000000e+00
4.000000000000000000e+00
4.000000000000000000e+00
4.000000000000000000e+00
4.000000000000000000e+00
4.000000000000000000e+00
4.000000000000000000e+00
5.000000000000000000e+00
5.000000000000000000e+00
5.000000000000000000e+00
5.000000000000000000e+00
5.000000000000000000e+00
5.000000000000000000e+00
5.000000000000000000e+00
5.000000000000000000e+00
5.000000000000000000e+00
5.000000000000000000e+00
6.000000000000000000e+00
6.000000000000000000e+00
6.000000000000000000e+00
6.000000000000000000e+00
6.000000000000000000e+00
6.000000000000000000e+00
7.000000000000000000e+00
7.000000000000000000e+00
7.000000000000000000e+00
7.000000000000000000e+00
7.000000000000000000e+00
8.000000000000000000e+00
8.000000000000000000e+00
8.000000000000000000e+00
8.000000000000000000e+00
9.000000000000000000e+00
9.000000000000000000e+00
1.000000000000000000e+01
1.000000000000000000e+01
1.000000000000000000e+01
1.100000000000000000e+01
1.200000000000000000e+01
1.200000000000000000e+01
1.300000000000000000e+01
1.400000000000000000e+01
1.500000000000000000e+01
1.600000000000000000e+01
1.700000000000000000e+01
1.900000000000000000e+01
2.000000000000000000e+01
2.300000000000000000e+01
2.500000000000000000e+01
2.900000000000000000e+01
3.300000000000000000e+01
4.000000000000000000e+01
4.900000000000000000e+01
6.500000000000000000e+01
9.600000000000000000e+01
1.840000000000000000e+02
1.837000000000000000e+03
1.800000000000000000e+01
1.000000000000000000e+00
1.000000000000000000e+00
1.000000000000000000e+00
1.000000000000000000e+00
1.000000000000000000e+00
1.000000000000000000e+00
1.000000000000000000e+00
1.000000000000000000e+00
1.000000000000000000e+00
1.000000000000000000e+00
1.000000000000000000e+00
1.000000000000000000e+00
1.000000000000000000e+00
1.000000000000000000e+00
1.000000000000000000e+00
1.000000000000000000e+00
1.000000000000000000e+00
1.000000000000000000e+00
1.000000000000000000e+00
1.000000000000000000e+00
1.000000000000000000e+00
1.000000000000000000e+00
1.000000000000000000e+00
1.000000000000000000e+00
1.000000000000000000e+00
1.000000000000000000e+00
1.000000000000000000e+00
1.000000000000000000e+00
1.000000000000000000e+00
1.000000000000000000e+00
1.000000000000000000e+00
1.000000000000000000e+00
1.000000000000000000e+00
1.000000000000000000e+00
1.000000000000000000e+00
1.000000000000000000e+00
1.000000000000000000e+00
1.000000000000000000e+00
1.000000000000000000e+00
1.000000000000000000e+00
1.000000000000000000e+00
1.000000000000000000e+00
1.000000000000000000e+00
1.000000000000000000e+00
1.000000000000000000e+00
1.000000000000000000e+00
1.000000000000000000e+00
1.000000000000000000e+00
1.000000000000000000e+00
1.000000000000000000e+00
1.000000000000000000e+00
1.000000000000000000e+00
1.000000000000000000e+00
1.000000000000000000e+00
1.000000000000000000e+00
1.000000000000000000e+00
1.000000000000000000e+00
1.000000000000000000e+00
1.000000000000000000e+00
1.000000000000000000e+00
1.000000000000000000e+00
1.000000000000000000e+00
1.000000000000000000e+00
1.000000000000000000e+00
1.000000000000000000e+00
1.000000000000000000e+00
1.000000000000000000e+00
1.000000000000000000e+00
1.000000000000000000e+00
1.000000000000000000e+00
1.000000000000000000e+00
1.000000000000000000e+00
1.000000000000000000e+00
1.000000000000000000e+00
1.000000000000000000e+00
1.000000000000000000e+00
1.000000000000000000e+00
1.000000000000000000e+00
1.000000000000000000e+00
1.000000000000000000e+00
1.000000000000000000e+00
1.000000000000000000e+00
1.000000000000000000e+00
1.000000000000000000e+00
1.000000000000000000e+00
1.000000000000000000e+00
1.000000000000000000e+00
1.000000000000000000e+00
1.000000000000000000e+00
1.000000000000000000e+00
1.000000000000000000e+00
1.000000000000000000e+00
1.000000000000000000e+00
1.000000000000000000e+00
1.000000000000000000e+00
1.000000000000000000e+00
1.000000000000000000e+00
1.000000000000000000e+00
1.000000000000000000e+00
1.000000000000000000e+00
1.000000000000000000e+00
